 4389 ; Бона иностранная ;  ;  ;  ;  ; 12 ; obr73 ; 101 
 4390 ; Бона иностранная ;  ;  ;  ;  ; 40 ; faga2003 ; 104 
 4391 ; Бона иностранная ;  ;  ;  ;  ; 12 ; obr73 ; 101 
 4392 ; Бона иностранная ;  ;  ;  ;  ; 19 ; murew ; 113 
 4339 ; Бона иностранная ;  ;  ;  ;  ; 13 ; Опятор ; 30 
 4340 ; Бона иностранная ;  ;  ;  ;  ; 13 ; газ ; 24 
 4341 ; Бона иностранная ;  ;  ;  ;  ; 13 ; газ ; 24 
 4342 ; Бона иностранная ;  ;  ;  ;  ; 19 ; СЁМА ; 99 
 4343 ; Бона иностранная ;  ;  ;  ;  ; 40 ; sobiranel ; 126 
 4344 ; Бона иностранная ;  ;  ;  ;  ; 21 ; sobiranel ; 144 
 4345 ; Бона иностранная ;  ;  ;  ;  ; 21 ; Скрудж ; 41 
 4346 ; Бона иностранная ;  ;  ;  ;  ; 31 ; sobiranel ; 61 
 4347 ; Бона иностранная ;  ;  ;  ;  ; 30 ; sobiranel ; 181 
 4348 ; Бона иностранная ;  ;  ;  ;  ; 46 ; 4758 ; 51 
 4349 ; Бона иностранная ;  ;  ;  ;  ; 22 ; sobiranel ; 138 
 4350 ; Бона иностранная ;  ;  ;  ;  ; 25 ; sobiranel ; 101 
 4351 ; Бона иностранная ;  ;  ;  ;  ; 12 ; sobiranel ; 78 
 4352 ; Бона иностранная ;  ;  ;  ;  ; 58 ; obr73 ; 75 
 4353 ; Бона иностранная ;  ;  ;  ;  ; 33 ; sobiranel ; 101 
 4354 ; Бона иностранная ;  ;  ;  ;  ; 17 ; smel ; 161 
 4355 ; Бона иностранная ;  ;  ;  ;  ; 12 ; faga2003 ; 118 
 4356 ; Бона иностранная ;  ;  ;  ;  ; 68 ; faga2003 ; 137 
 4357 ; Бона иностранная ;  ;  ;  ;  ; 13 ; tars7777 ; 130 
 4358 ; Бона иностранная ;  ;  ;  ;  ; 17 ; obr73 ; 101 
 4359 ; Бона иностранная ;  ;  ;  ;  ; 14 ; smel ; 120 
 4360 ; Бона иностранная ;  ;  ;  ;  ; 21 ; mirumir ; 204 
 4361 ; Бона иностранная ;  ;  ;  ;  ; 24 ; sobiranel ; 114 
 4362 ; Бона иностранная ;  ;  ;  ;  ; 25 ; sobiranel ; 108 
 4363 ; Бона иностранная ;  ;  ;  ;  ; 24 ; sobiranel ; 82 
 4364 ; Бона иностранная ;  ;  ;  ;  ; 16 ; sobiranel ; 82 
 4365 ; Бона иностранная ;  ;  ;  ;  ; 52 ; sobiranel ; 148 
 4366 ; Бона иностранная ;  ;  ;  ;  ; 56 ; smel ; 132 
 4367 ; Бона иностранная ;  ;  ;  ;  ; 11 ; sobiranel ; 136 
 4368 ; Бона иностранная ;  ;  ;  ;  ; 10 ; smel ; 153 
 4369 ; Бона иностранная ;  ;  ;  ;  ; 31 ; sobiranel ; 101 
 4370 ; Бона иностранная ;  ;  ;  ;  ; 16 ; sobiranel ; 101 
 4371 ; Бона иностранная ;  ;  ;  ;  ; 37 ; sobiranel ; 101 
 4372 ; Бона иностранная ;  ;  ;  ;  ; 19 ; sobiranel ; 217 
 4373 ; Бона иностранная ;  ;  ;  ;  ; 15 ; sobiranel ; 201 
 4374 ; Бона иностранная ;  ;  ;  ;  ; 12 ; sobiranel ; 50 
 4375 ; Бона иностранная ;  ;  ;  ;  ; 30 ; СЁМА ; 131 
 4376 ; Бона иностранная ;  ;  ;  ;  ; 35 ; He-111 ; 143 
 4377 ; Бона иностранная ;  ;  ;  ;  ; 29 ; sobiranel ; 108 
 4378 ; Бона иностранная ;  ;  ;  ;  ; 7 ; у44 ; 21 
 4379 ; Бона иностранная ;  ;  ;  ;  ; 9 ; у44 ; 33 
 4380 ; Бона иностранная ;  ;  ;  ;  ; 30 ; obr73 ; 101 
 4381 ; Бона иностранная ;  ;  ;  ;  ; 25 ; He-111 ; 137 
 4382 ; Бона иностранная ;  ;  ;  ;  ; 12 ; smel ; 120 
 4383 ; Бона иностранная ;  ;  ;  ;  ; 33 ; faga2003 ; 104 
 4384 ; Бона иностранная ;  ;  ;  ;  ; 18 ; faga2003 ; 105 
 4385 ; Бона иностранная ;  ;  ;  ;  ; 35 ; He-111 ; 123 
 4386 ; Бона иностранная ;  ;  ;  ;  ; 26 ; faga2003 ; 101 
 4387 ; Бона иностранная ;  ;  ;  ;  ; 5 ; 661 ; 24 
 4388 ; Бона иностранная ;  ;  ;  ;  ; 12 ; obr73 ; 101 
 4289 ; Бона иностранная ;  ;  ;  ;  ; 17 ; mirumir ; 67 
 4290 ; Бона иностранная ;  ;  ;  ;  ; 23 ; Опятор ; 28 
 4291 ; Бона иностранная ;  ;  ;  ;  ; 14 ; Germanfox ; 30 
 4292 ; Бона иностранная ;  ;  ;  ;  ; 7 ; у44 ; 29 
 4293 ; Бона иностранная ;  ;  ;  ;  ; 7 ; Germanfox ; 30 
 4294 ; Бона иностранная ;  ;  ;  ;  ; 13 ; у44 ; 29 
 4295 ; Бона иностранная ;  ;  ;  ;  ; 9 ; у44 ; 29 
 4296 ; Бона иностранная ;  ;  ;  ;  ; 2 ; 661 ; 30 
 4297 ; Бона иностранная ;  ;  ;  ;  ; 9 ; у44 ; 29 
 4298 ; Бона иностранная ;  ;  ;  ;  ; 5 ; 661 ; 24 
 4299 ; Бона иностранная ;  ;  ;  ;  ; 44 ; tars7777 ; 61 
 4300 ; Бона иностранная ;  ;  ;  ;  ; 5 ; AIK60 ; 30 
 4301 ; Бона иностранная ;  ;  ;  ;  ; 16 ; у44 ; 48 
 4302 ; Бона иностранная ;  ;  ;  ;  ; 2 ; 661 ; 45 
 4303 ; Бона иностранная ;  ;  ;  ;  ; 2 ; 661 ; 45 
 4304 ; Бона иностранная ;  ;  ;  ;  ; 15 ; kent01 ; 45 
 4305 ; Бона иностранная ;  ;  ;  ;  ; 30 ; twister174 ; 30 
 4306 ; Бона иностранная ;  ;  ;  ;  ; 29 ; twister174 ; 38 
 4307 ; Бона иностранная ;  ;  ;  ;  ; 7 ; kent01 ; 41 
 4308 ; Бона иностранная ;  ;  ;  ;  ; 10 ; kent01 ; 62 
 4309 ; Бона иностранная ;  ;  ;  ;  ; 17 ; aleks.kss ; 20 
 4310 ; Бона иностранная ;  ;  ;  ;  ; 3 ; СЁМА ; 51 
 4311 ; Бона иностранная ;  ;  ;  ;  ; 5 ; 661 ; 31 
 4312 ; Бона иностранная ;  ;  ;  ;  ; 3 ; 661 ; 32 
 4313 ; Бона иностранная ;  ;  ;  ;  ; 5 ; 661 ; 24 
 4314 ; Бона иностранная ;  ;  ;  ;  ; 3 ; газ ; 6 
 4315 ; Бона иностранная ;  ;  ;  ;  ; 3 ; газ ; 6 
 4316 ; Бона иностранная ;  ;  ;  ;  ; 12 ; twister174 ; 11 
 4317 ; Бона иностранная ;  ;  ;  ;  ; 6 ; газ ; 6 
 4318 ; Бона иностранная ;  ;  ;  ;  ; 9 ; twister174 ; 11 
 4319 ; Бона иностранная ;  ;  ;  ;  ; 7 ; газ ; 7 
 4320 ; Бона иностранная ;  ;  ;  ;  ; 12 ; lesnik1 ; 88 
 4321 ; Бона иностранная ;  ;  ;  ;  ; 21 ; газ ; 24 
 4322 ; Бона иностранная ;  ;  ;  ;  ; 15 ; газ ; 29 
 4323 ; Бона иностранная ;  ;  ;  ;  ; 12 ; Germanfox ; 31 
 4324 ; Бона иностранная ;  ;  ;  ;  ; 17 ; газ ; 16 
 4325 ; Бона иностранная ;  ;  ;  ;  ; 48 ; filat100 ; 201 
 4326 ; Бона иностранная ;  ;  ;  ;  ; 20 ; газ ; 30 
 4327 ; Бона иностранная ;  ;  ;  ;  ; 7 ; kent01 ; 41 
 4328 ; Бона иностранная ;  ;  ;  ;  ; 7 ; kent01 ; 41 
 4329 ; Бона иностранная ;  ;  ;  ;  ; 7 ; kent01 ; 41 
 4330 ; Бона иностранная ;  ;  ;  ;  ; 11 ; газ ; 24 
 4331 ; Бона иностранная ;  ;  ;  ;  ; 16 ; газ ; 39 
 4332 ; Бона иностранная ;  ;  ;  ;  ; 3 ; 661 ; 26 
 4333 ; Бона иностранная ;  ;  ;  ;  ; 6 ; 4758 ; 49 
 4334 ; Бона иностранная ;  ;  ;  ;  ; 24 ; у44 ; 28 
 4335 ; Бона иностранная ;  ;  ;  ;  ; 5 ; 661 ; 36 
 4336 ; Бона иностранная ;  ;  ;  ;  ; 20 ; sobiranel ; 75 
 4337 ; Бона иностранная ;  ;  ;  ;  ; 16 ; Sterh ; 53 
 4338 ; Бона иностранная ;  ;  ;  ;  ; 16 ; iMerchant ; 57 
 4239 ; Бона иностранная ;  ;  ;  ;  ; 24 ; kotyamoi ; 51 
 4240 ; Бона иностранная ;  ;  ;  ;  ; 1 ; 555650 ; 42 
 4241 ; Бона иностранная ;  ;  ;  ;  ; 20 ; twister174 ; 24 
 4242 ; Бона иностранная ;  ;  ;  ;  ; 8 ; twister174 ; 11 
 4243 ; Бона иностранная ;  ;  ;  ;  ; 11 ; alex995 ; 23 
 4244 ; Бона иностранная ;  ;  ;  ;  ; 12 ; twister174 ; 11 
 4245 ; Бона иностранная ;  ;  ;  ;  ; 12 ; sman ; 11 
 4246 ; Бона иностранная ;  ;  ;  ;  ; 9 ; alex995 ; 23 
 4247 ; Бона иностранная ;  ;  ;  ;  ; 7 ; alex995 ; 23 
 4248 ; Бона иностранная ;  ;  ;  ;  ; 12 ; twister174 ; 11 
 4249 ; Бона иностранная ;  ;  ;  ;  ; 9 ; газ ; 24 
 4250 ; Бона иностранная ;  ;  ;  ;  ; 8 ; газ ; 10 
 4251 ; Бона иностранная ;  ;  ;  ;  ; 13 ; twister174 ; 12 
 4252 ; Бона иностранная ;  ;  ;  ;  ; 11 ; Опятор ; 12 
 4253 ; Бона иностранная ;  ;  ;  ;  ; 15 ; 661 ; 29 
 4254 ; Бона иностранная ;  ;  ;  ;  ; 12 ; twister174 ; 30 
 4255 ; Бона иностранная ;  ;  ;  ;  ; 12 ; twister174 ; 11 
 4256 ; Бона иностранная ;  ;  ;  ;  ; 17 ; газ ; 24 
 4257 ; Бона иностранная ;  ;  ;  ;  ; 7 ; sobiranel ; 78 
 4258 ; Бона иностранная ;  ;  ;  ;  ; 14 ; Скрудж ; 42 
 4259 ; Бона иностранная ;  ;  ;  ;  ; 23 ; газ ; 24 
 4260 ; Бона иностранная ;  ;  ;  ;  ; 11 ; Germanfox ; 30 
 4261 ; Бона иностранная ;  ;  ;  ;  ; 22 ; twister174 ; 26 
 4262 ; Бона иностранная ;  ;  ;  ;  ; 5 ; 661 ; 25 
 4263 ; Бона иностранная ;  ;  ;  ;  ; 31 ; Germanfox ; 31 
 4264 ; Бона иностранная ;  ;  ;  ;  ; 19 ; kent01 ; 50 
 4265 ; Бона иностранная ;  ;  ;  ;  ; 16 ; faga2003 ; 69 
 4266 ; Бона иностранная ;  ;  ;  ;  ; 5 ; газ ; 24 
 4267 ; Бона иностранная ;  ;  ;  ;  ; 11 ; Germanfox ; 30 
 4268 ; Бона иностранная ;  ;  ;  ;  ; 15 ; 555650 ; 41 
 4269 ; Бона иностранная ;  ;  ;  ;  ; 13 ; Опятор ; 26 
 4270 ; Бона иностранная ;  ;  ;  ;  ; 17 ; 4758 ; 32 
 4271 ; Бона иностранная ;  ;  ;  ;  ; 12 ; Germanfox ; 31 
 4272 ; Бона иностранная ;  ;  ;  ;  ; 9 ; Germanfox ; 30 
 4273 ; Бона иностранная ;  ;  ;  ;  ; 7 ; Germanfox ; 30 
 4274 ; Бона иностранная ;  ;  ;  ;  ; 7 ; Germanfox ; 30 
 4275 ; Бона иностранная ;  ;  ;  ;  ; 41 ; mirumir ; 97 
 4276 ; Бона иностранная ;  ;  ;  ;  ; 35 ; mirumir ; 93 
 4277 ; Бона иностранная ;  ;  ;  ;  ; 28 ; Germanfox ; 125 
 4278 ; Бона иностранная ;  ;  ;  ;  ; 11 ; Опятор ; 26 
 4279 ; Бона иностранная ;  ;  ;  ;  ; 12 ; lesnik1 ; 88 
 4280 ; Бона иностранная ;  ;  ;  ;  ; 11 ; газ ; 24 
 4281 ; Бона иностранная ;  ;  ;  ;  ; 15 ; 661 ; 29 
 4282 ; Бона иностранная ;  ;  ;  ;  ; 7 ; kent01 ; 30 
 4283 ; Бона иностранная ;  ;  ;  ;  ; 30 ; tars7777 ; 39 
 4284 ; Бона иностранная ;  ;  ;  ;  ; 6 ; у44 ; 40 
 4285 ; Бона иностранная ;  ;  ;  ;  ; 22 ; mirumir ; 101 
 4286 ; Бона иностранная ;  ;  ;  ;  ; 7 ; kent01 ; 31 
 4287 ; Бона иностранная ;  ;  ;  ;  ; 9 ; kent01 ; 31 
 4288 ; Бона иностранная ;  ;  ;  ;  ; 11 ; mirumir ; 67 
 4189 ; Бона иностранная ;  ;  ;  ;  ; 7 ; arko222 ; 33 
 4190 ; Бона иностранная ;  ;  ;  ;  ; 9 ; Скрудж ; 34 
 4191 ; Бона иностранная ;  ;  ;  ;  ; 9 ; Скрудж ; 34 
 4192 ; Бона иностранная ;  ;  ;  ;  ; 15 ; Скрудж ; 31 
 4193 ; Бона иностранная ;  ;  ;  ;  ; 3 ; Скрудж ; 31 
 4194 ; Бона иностранная ;  ;  ;  ;  ; 5 ; Скрудж ; 32 
 4195 ; Бона иностранная ;  ;  ;  ;  ; 15 ; Скрудж ; 31 
 4196 ; Бона иностранная ;  ;  ;  ;  ; 3 ; Скрудж ; 31 
 4197 ; Бона иностранная ;  ;  ;  ;  ; 11 ; Скрудж ; 31 
 4198 ; Бона иностранная ;  ;  ;  ;  ; 4 ; Скрудж ; 32 
 4199 ; Бона иностранная ;  ;  ;  ;  ; 2 ; 555650 ; 30 
 4200 ; Бона иностранная ;  ;  ;  ;  ; 3 ; Скрудж ; 31 
 4201 ; Бона иностранная ;  ;  ;  ;  ; 15 ; Скрудж ; 31 
 4202 ; Бона иностранная ;  ;  ;  ;  ; 6 ; Скрудж ; 32 
 4203 ; Бона иностранная ;  ;  ;  ;  ; 3 ; Скрудж ; 31 
 4204 ; Бона иностранная ;  ;  ;  ;  ; 5 ; arko222 ; 37 
 4205 ; Бона иностранная ;  ;  ;  ;  ; 7 ; Скрудж ; 30 
 4206 ; Бона иностранная ;  ;  ;  ;  ; 9 ; Скрудж ; 34 
 4207 ; Бона иностранная ;  ;  ;  ;  ; 9 ; Скрудж ; 34 
 4208 ; Бона иностранная ;  ;  ;  ;  ; 7 ; Скрудж ; 36 
 4209 ; Бона иностранная ;  ;  ;  ;  ; 5 ; Скрудж ; 36 
 4210 ; Бона иностранная ;  ;  ;  ;  ; 9 ; arko222 ; 40 
 4211 ; Бона иностранная ;  ;  ;  ;  ; 23 ; tars7777 ; 51 
 4212 ; Бона иностранная ;  ;  ;  ;  ; 5 ; tars7777 ; 47 
 4213 ; Бона иностранная ;  ;  ;  ;  ; 5 ; tars7777 ; 53 
 4214 ; Бона иностранная ;  ;  ;  ;  ; 9 ; tars7777 ; 51 
 4215 ; Бона иностранная ;  ;  ;  ;  ; 3 ; tars7777 ; 31 
 4216 ; Бона иностранная ;  ;  ;  ;  ; 5 ; tars7777 ; 47 
 4217 ; Бона иностранная ;  ;  ;  ;  ; 3 ; tars7777 ; 31 
 4218 ; Бона иностранная ;  ;  ;  ;  ; 11 ; tars7777 ; 57 
 4219 ; Бона иностранная ;  ;  ;  ;  ; 9 ; tars7777 ; 37 
 4220 ; Бона иностранная ;  ;  ;  ;  ; 17 ; tars7777 ; 45 
 4221 ; Бона иностранная ;  ;  ;  ;  ; 3 ; tars7777 ; 31 
 4222 ; Бона иностранная ;  ;  ;  ;  ; 3 ; tars7777 ; 31 
 4223 ; Бона иностранная ;  ;  ;  ;  ; 3 ; tars7777 ; 31 
 4224 ; Бона иностранная ;  ;  ;  ;  ; 5 ; 4758 ; 24 
 4225 ; Бона иностранная ;  ;  ;  ;  ; 7 ; Скрудж ; 30 
 4226 ; Бона иностранная ;  ;  ;  ;  ; 8 ; arko222 ; 37 
 4227 ; Бона иностранная ;  ;  ;  ;  ; 11 ; Lasto4kaSPB ; 30 
 4228 ; Бона иностранная ;  ;  ;  ;  ; 12 ; Lasto4kaSPB ; 30 
 4229 ; Бона иностранная ;  ;  ;  ;  ; 27 ; Скрудж ; 31 
 4230 ; Бона иностранная ;  ;  ;  ;  ; 12 ; leningrad ; 30 
 4231 ; Бона иностранная ;  ;  ;  ;  ; 3 ; tars7777 ; 31 
 4232 ; Бона иностранная ;  ;  ;  ;  ; 7 ; tars7777 ; 35 
 4233 ; Бона иностранная ;  ;  ;  ;  ; 4 ; leningrad ; 60 
 4234 ; Бона иностранная ;  ;  ;  ;  ; 3 ; 555650 ; 31 
 4235 ; Бона иностранная ;  ;  ;  ;  ; 13 ; Скрудж ; 38 
 4236 ; Бона иностранная ;  ;  ;  ;  ; 5 ; Lasto4kaSPB ; 31 
 4237 ; Бона иностранная ;  ;  ;  ;  ; 7 ; jj ; 32 
 4238 ; Бона иностранная ;  ;  ;  ;  ; 5 ; у44 ; 27 
 4139 ; 100 рублей ; 1947 ; билет ;  ;  ; 24 ; ААФ ; 801 
 4140 ; 100 рублей ; 1947 ; билет ;  ;  ; 35 ; geracon2009 ; 835 
 4141 ; 1 рубль. Казанский ЦРК ;  ;  ;  ;  ; 136 ; monos72 ; 1062 
 4142 ; 3 рубля. Казанский ЦРК ;  ;  ;  ;  ; 72 ; monos72 ; 1020 
 4143 ; 3 карбованца. Креминецк ; 1919 ;  ;  ;  ; 30 ; filat100 ; 1331 
 4144 ; 15000 рублей ; 1923 ; Гос.денежные знаки СССР ;  ;  ; 105 ; finder ; 6103 
 4145 ; 3 рубля. Кыштым ; 1919 ;  ;  ;  ; 94 ; QSCl ; 1625 
 4146 ; 10 рублей. Кыштым ; 1919 ;  ;  ;  ; 30 ; flyfisher74 ; 1530 
 4147 ; 5 рублей. Кыштым ; 1919 ;  ;  ;  ; 47 ; flyfisher74 ; 1530 
 4148 ; 1 рубль. Кыштым ; 1919 ;  ;  ;  ; 66 ; flyfisher74 ; 1530 
 4149 ; 5 рублей ; 1898 ; Плеске. Гос.кредитные билеты 1898-1899 гг. ;  ;  ; 54 ; fanil ; 5339 
 4150 ; 1 рубль ; 1872 ; вензель А II Гос.кредитные билеты разменной касы гос.банка ;  ;  ; 71 ; filat100 ; 10202 
 4151 ; 200 рублей. Разряд 3 ; 1917 ;  ;  ;  ; 22 ; Lena13 ; 340 
 4152 ; 200 рублей. Разряд 2 ; 1917 ;  ;  ;  ; 39 ; olalki ; 340 
 4153 ; 1000000 рублей ; 1996 ;  ;  ;  ; 19 ; СЁМА ; 169 
 4154 ; 100, 250 рублей ; 1918 ;  ;  ;  ; 39 ; Germanfox ; 63 
 4155 ; 1 рубль (2 шт) ; 1898 ;  ;  ;  ; 4 ; газ ; 62 
 4156 ; 1 рубль (2 шт) ; 1898 ;  ;  ;  ; 38 ; uz ; 102 
 4157 ; 1 рубль (2 шт) ; 1898 ;  ;  ;  ; 37 ; Germanfox ; 81 
 4158 ; 1 рубль (2 шт) ; 1898 ;  ;  ;  ; 5 ; Оттар ; 70 
 4159 ; Талоны ; 1991 ;  ;  ;  ; 30 ; raise ; 108 
 4160 ; Талоны ; 1991 ;  ;  ;  ; 78 ; dpb ; 214 
 4161 ; Бона иностранная ;  ;  ;  ;  ; 11 ; tars7777 ; 47 
 4162 ; Бона иностранная ;  ;  ;  ;  ; 12 ; Lasto4kaSPB ; 30 
 4163 ; Бона иностранная ;  ;  ;  ;  ; 3 ; Скрудж ; 31 
 4164 ; Бона иностранная ;  ;  ;  ;  ; 7 ; Скрудж ; 33 
 4165 ; Бона иностранная ;  ;  ;  ;  ; 8 ; Скрудж ; 42 
 4166 ; Бона иностранная ;  ;  ;  ;  ; 8 ; Скрудж ; 33 
 4167 ; Бона иностранная ;  ;  ;  ;  ; 7 ; Скрудж ; 30 
 4168 ; Бона иностранная ;  ;  ;  ;  ; 13 ; Скрудж ; 32 
 4169 ; Бона иностранная ;  ;  ;  ;  ; 37 ; tars7777 ; 47 
 4170 ; Бона иностранная ;  ;  ;  ;  ; 12 ; Lasto4kaSPB ; 30 
 4171 ; Бона иностранная ;  ;  ;  ;  ; 16 ; Скрудж ; 32 
 4172 ; Бона иностранная ;  ;  ;  ;  ; 15 ; Скрудж ; 31 
 4173 ; Бона иностранная ;  ;  ;  ;  ; 4 ; 4758 ; 30 
 4174 ; Бона иностранная ;  ;  ;  ;  ; 9 ; газ ; 24 
 4175 ; Бона иностранная ;  ;  ;  ;  ; 47 ; QSL ; 76 
 4176 ; Бона иностранная ;  ;  ;  ;  ; 4 ; Скрудж ; 32 
 4177 ; Бона иностранная ;  ;  ;  ;  ; 4 ; Скрудж ; 32 
 4178 ; Бона иностранная ;  ;  ;  ;  ; 5 ; tars7777 ; 37 
 4179 ; Бона иностранная ;  ;  ;  ;  ; 5 ; tars7777 ; 37 
 4180 ; Бона иностранная ;  ;  ;  ;  ; 4 ; arko222 ; 32 
 4181 ; Бона иностранная ;  ;  ;  ;  ; 33 ; QSL ; 66 
 4182 ; Бона иностранная ;  ;  ;  ;  ; 39 ; QSL ; 66 
 4183 ; Бона иностранная ;  ;  ;  ;  ; 35 ; QSL ; 66 
 4184 ; Бона иностранная ;  ;  ;  ;  ; 33 ; QSL ; 65 
 4185 ; Бона иностранная ;  ;  ;  ;  ; 33 ; QSL ; 65 
 4186 ; Бона иностранная ;  ;  ;  ;  ; 34 ; tars7777 ; 47 
 4187 ; Бона иностранная ;  ;  ;  ;  ; 15 ; Скрудж ; 31 
 4188 ; Бона иностранная ;  ;  ;  ;  ; 12 ; Скрудж ; 31 
 4089 ; 100 рублей ; 1918 ; Гос.кредитн.билет образца 1918 г. ;  ;  ; 39 ; Germanfox ; 88 
 4090 ; 100 рублей ; 1918 ; Гос.кредитн.билет образца 1918 г. ;  ;  ; 27 ; brediya ; 150 
 4091 ; 100 рублей ; 1919 ; Туркестан ;  ;  ; 49 ; koga ; 318 
 4092 ; 25 рублей ; 1947 ; билет ;  ;  ; 104 ; geracon2009 ; 579 
 4093 ; 25 рублей ; 1947 ; билет ;  ;  ; 75 ; uz ; 532 
 4094 ; 1000 рублей ; 1920 ; Грузия ;  ;  ; 52 ; raise ; 251 
 4095 ; 250 рублей ; 1917 ; Денежные знаки ;  ;  ; 32 ; Germanfox ; 120 
 4096 ; 25 рублей ; 1909 ; Шипов 1912 г. Гос.кредитные билеты 1905-1912 гг. ;  ;  ; 17 ; obr73 ; 100 
 4097 ; 25 рублей ; 1909 ; Шипов 1912 г. Гос.кредитные билеты 1905-1912 гг. ;  ;  ; 24 ; Джейк ; 72 
 4098 ; 25 рублей ; 1909 ; Шипов 1912 г. Гос.кредитные билеты 1905-1912 гг. ;  ;  ; 34 ; val40 ; 101 
 4099 ; 25 рублей ; 1909 ; Шипов 1912 г. Гос.кредитные билеты 1905-1912 гг. ;  ;  ; 7 ; fanil ; 102 
 4100 ; 25 рублей ; 1909 ; Шипов 1912 г. Гос.кредитные билеты 1905-1912 гг. ;  ;  ; 17 ; fanil ; 102 
 4101 ; 100 рублей. Чита ; 1920 ;  ;  ;  ; 48 ; газ ; 689 
 4102 ; 25 рублей ; 1918 ;  ;  ;  ; 83 ; krut0803 ; 275 
 4103 ; 250000 рублей ; 1922 ; Азербайджан ;  ;  ; 49 ; monos72 ; 690 
 4104 ; 50 рублей. Житомир ; 1919 ;  ;  ;  ; 83 ; ZOLTAN333 ; 726 
 4105 ; 250 рублей ; 1918 ; Гос.кредитн.билет образца 1918 г. ;  ;  ; 59 ; brediya ; 150 
 4106 ; 250 рублей ; 1918 ; Гос.кредитн.билет образца 1918 г. ;  ;  ; 51 ; Germanfox ; 97 
 4107 ; 250 рублей ; 1918 ; Гос.кредитн.билет образца 1918 г. ;  ;  ; 42 ; val40 ; 87 
 4108 ; 250 рублей ; 1918 ; Гос.кредитн.билет образца 1918 г. ;  ;  ; 13 ; brediya ; 100 
 4109 ; 10 рублей. Касимов ; 1918 ;  ;  ;  ; 39 ; filat100 ; 1058 
 4110 ; 5 рублей. Касимов ; 1918 ;  ;  ;  ; 27 ; fanil ; 1016 
 4111 ; 1000 рублей ; 1923 ; Гос.денежные знаки. Второй выпуск ;  ;  ; 29 ; krut0803 ; 512 
 4112 ; 500 рублей ; 1918 ; Гос.кредитн.билет образца 1918 г. ;  ;  ; 64 ; Germanfox ; 105 
 4113 ; 500 рублей ; 1918 ; Гос.кредитн.билет образца 1918 г. ;  ;  ; 5 ; brediya ; 111 
 4114 ; 1000 рублей ; 1918 ; Гос.кредитн.билет образца 1918 г. ;  ;  ; 4 ; alexnkru ; 34 
 4115 ; 1000 рублей ; 1918 ; Гос.кредитн.билет образца 1918 г. ;  ;  ; 5 ; brediya ; 128 
 4116 ; 100000 рублей ; 1923 ; Закавказье ;  ;  ; 55 ; Lena13 ; 316 
 4117 ; 50000 рублей ; 1923 ; Закавказье ;  ;  ; 31 ; Lena13 ; 257 
 4118 ; 5000 рублей ; 1921 ; Грузия ;  ;  ; 32 ; raise ; 216 
 4119 ; 10000 рублей ; 1919 ; Расчетные знаки РСФСР образца 1919 г. ;  ;  ; 28 ; fanil ; 285 
 4120 ; 10000 рублей ; 1919 ; Расчетные знаки РСФСР образца 1919 г. ;  ;  ; 50 ; fanil ; 457 
 4121 ; 5 рублей ; 1918 ; Закавказье ;  ;  ; 86 ; fanil ; 278 
 4122 ; 3 рубля ; 1918 ; Разменные знаки.Совнарком Терской республики ;  ;  ; 21 ; raise ; 155 
 4123 ; 10 рублей ; 1918 ; Разменные знаки.Совнарком Терской республики ;  ;  ; 30 ; AIK60 ; 227 
 4124 ; 5 крон ; 1929 ;  ;  ;  ; 38 ; filat100 ; 510 
 4125 ; 10 крон ; 1937 ;  ;  ;  ; 48 ; ANK ; 337 
 4126 ; 5000 рублей ; 1921 ; Расчетные знаки РСФСР образца 1921 г. ;  ;  ; 21 ; fanil ; 355 
 4127 ; 10 рублей ; 1919 ; Закаспийское Временное Правительство ;  ;  ; 120 ; monos72 ; 1546 
 4128 ; 10000 рублей ; 1921 ; Расчетные знаки РСФСР образца 1921 г. ;  ;  ; 114 ; raise ; 427 
 4129 ; 5 рублей ; 1919 ; Закаспийское Временное Правительство ;  ;  ; 129 ; ZOLTAN333 ; 681 
 4130 ; 3 рубля ; 1918 ;  ;  ;  ; 24 ; bon15041980 ; 1010 
 4131 ; 250 рублей ; 1919 ; Закаспийское Временное Правительство ;  ;  ; 44 ; filat100 ; 671 
 4132 ; 250 рублей ; 1919 ; Закаспийское Временное Правительство ;  ;  ; 145 ; fanil ; 612 
 4133 ; 50 рублей ; 1919 ; Закаспийское Временное Правительство ;  ;  ; 79 ; QSCl ; 508 
 4134 ; 100 рублей ; 1919 ; Закаспийское Временное Правительство ;  ;  ; 86 ; газ ; 510 
 4135 ; 50 рублей ; 1919 ; Закаспийское Временное Правительство ;  ;  ; 46 ; raise ; 417 
 4136 ; 250 рублей ; 1919 ; Закаспийское Временное Правительство ;  ;  ; 51 ; Майкл ; 413 
 4137 ; 500 рублей ; 1919 ; Туркестан ;  ;  ; 81 ; sobiranel ; 976 
 4138 ; 250 рублей ; 1919 ; Туркестан ;  ;  ; 78 ; monos72 ; 1016 
 3301 ; Лот монет США: 16шт ; 1964-1987 ;  ; Cu-Ni ; VF/AU ; 51 ; Моряк-собиратель ; 313 
 3302 ; Набор монет Канады: 1 доллар, 50,25,10,5,1 центов (6шт). В пластиковой упаковке ; 1977 ;  ; Cu-Ni ; AU ; 37 ; борисыч ; 263 
 3303 ; Лот монет Польши, Югославии, Марокко, Аргентины, Великобритании, Бразилии, Чили, Португалии, Турции, Австралии, Австрии, Коста-Рики (21шт) ; 1956-2005 ;  ; Ag,Br,Cu-Ni,лат ; VF/XF+ ; 46 ; Vibel ; 446 
 3304 ; Лот монет Швеции, Финляндии, Германии, Италии, Австрии, Польши, Бельгии, Франции (12шт) ; 1780-1942 ;  ; Ag,Br,Cu-Ni,Al/ ; F/VF ; 72 ; aldor ; 431 
 3305 ; Лот монет Азии: 15шт ;  ;  ; Ag,Br,Cu-Ni,Al/ ; VF-/AU ; 72 ; aldor ; 532 
 3306 ; Лот монет Дании: 14шт ; 1941-1982 ;  ; Zn,Br,Cu-Ni ; VF/XF ; 35 ; борисыч ; 132 
 3307 ; Лот монет Швеции: 14шт ; 1955-1969 ;  ; Br ; XF/XF+ ; 35 ; zx123 ; 105 
 3308 ; Лот монет Норвегии: 10шт ; 1959-1973 ;  ; Br ; VF/XF ; 39 ; Юбер ; 160 
 3309 ; Лот монет Дании: 12шт ; 1950-1963 ;  ; Zn ; VF-/VF ; 35 ; Vibel ; 69 
 3310 ; Лот монет Испании: 10шт ; 1944-1984 ;  ; Cu-Ni,Al/Br ; VF-/XF+ ; 33 ; борисыч ; 83 
 3311 ; Лот монет Германии и Веймара: 5шт ; 1875-1924 ;  ; Cu,Br ; F+/VF ; 35 ; Vibel ; 121 
 3312 ; Лот монет Германии и Веймара: 5шт ; 1876-1924 ;  ; Cu,Br,Cu-Ni ; VF-/VF ; 42 ; Олег33 ; 153 
 4051 ; 1 рубль ; 1919 ; Расчетные знаки РСФСР ;  ;  ; 36 ; brediya ; 104 
 4052 ; 2 рубля ; 1919 ; Расчетные знаки РСФСР ;  ;  ; 19 ; brediya ; 100 
 4053 ; 3 рубля ; 1919 ; Расчетные знаки РСФСР ;  ;  ; 17 ; brediya ; 100 
 4054 ; 5 рублей ; 1922 ; Гос.денежные знаки 1922 г.(образца почтовой марки) ;  ;  ; 41 ; 001951 ; 447 
 4055 ; 10 рублей ; 1922 ; Гос.денежные знаки 1922 г.(образца почтовой марки) ;  ;  ; 73 ; fanil ; 906 
 4056 ; 25 рублей ; 1922 ; Гос.денежные знаки 1922 г.(образца почтовой марки) ;  ;  ; 51 ; 001951 ; 403 
 4057 ; 50 рублей ; 1922 ; Гос.денежные знаки 1922 г.(образца почтовой марки) ;  ;  ; 70 ; 001951 ; 403 
 4058 ; 1 рубль ; 1922 ; Гос.денежные знаки 1922 г.(образца почтовой марки) ;  ;  ; 79 ; 001951 ; 521 
 4059 ; 1 копейка ; 1915 ; Разменные (казнач.)билеты ;  ;  ; 23 ; ВКС ; 104 
 4060 ; 3 копейки ; 1915 ; Разменные (казнач.)билеты ;  ;  ; 12 ; ВКС ; 83 
 4061 ; 5 копеек ; 1915 ; Разменные (казнач.)билеты ;  ;  ; 27 ; raise ; 69 
 4062 ; 1000 рублей ; 1921 ; Расчетные знаки РСФСР образца 1921 г. ;  ;  ; 17 ; alexnkru ; 33 
 4063 ; 60 рублей ;  ; Расчетные знаки РСФСР образца 1919 г. ;  ;  ; 33 ; raise ; 157 
 4064 ; 50 копеек ;  ;  ;  ;  ; 18 ; krut0803 ; 189 
 4065 ; 50 копеек. С подписью ;  ;  ;  ;  ; 22 ; ZOLTAN333 ; 184 
 4066 ; 40 рублей. Сцепка 2 шт ;  ; Денежные знаки ;  ;  ; 26 ; brediya ; 100 
 4067 ; 50 копеек ; 1915 ; Разменные (казнач.)билеты ;  ;  ; 21 ; val40 ; 94 
 4068 ; 50 копеек ; 1915 ; Разменные (казнач.)билеты ;  ;  ; 6 ; Джейк ; 53 
 4069 ; 50 копеек ; 1915 ; Разменные (казнач.)билеты ;  ;  ; 5 ; Джейк ; 33 
 4070 ; 250 рублей ; 1919 ; Расчетные знаки РСФСР образца 1919 г. ;  ;  ; 17 ; aleks7 ; 108 
 4071 ; 1 рубль. Урал ; 1918 ; Областной кредитный билет Урала. ;  ;  ; 119 ; ZOLTAN333 ; 320 
 4072 ; 1/2 марки. Ковно ; 1918 ;  ;  ;  ; 32 ; koga ; 139 
 4073 ; 1000 рублей ; 1919 ; Расчетные знаки РСФСР образца 1919 г. ;  ;  ; 36 ; raise ; 66 
 4074 ; 1000 рублей ; 1919 ; Расчетные знаки РСФСР образца 1919 г. ;  ;  ; 27 ; arko222 ; 92 
 4075 ; 1000 рублей ; 1919 ; Расчетные знаки РСФСР образца 1919 г. ;  ;  ; 13 ; brediya ; 123 
 4076 ; 3 рубля ; 1918 ; Гос.кредитн.билет образца 1918 г. ;  ;  ; 14 ; ZOLTAN333 ; 105 
 4077 ; 5 рублей ; 1918 ; Гос.кредитн.билет образца 1918 г. ;  ;  ; 16 ; brediya ; 141 
 4078 ; 5 рублей ; 1918 ; Казначейский знак Сибирского временного правительства ;  ;  ; 21 ; raise ; 139 
 4079 ; 10 рублей ; 1918 ; Казначейский знак Сибирского временного правительства ;  ;  ; 17 ; raise ; 139 
 4080 ; 50 карбованцев ; 1918 ; Украина. Знак Державноi скарбницi ;  ;  ; 33 ; AIK60 ; 181 
 4081 ; 25000 рублей ; 1922 ; Армения ;  ;  ; 10 ; Lena13 ; 355 
 4082 ; 100 рублей ; 1919 ; Азербайджан ;  ;  ; 12 ; raise ; 267 
 4083 ; 10 гривень ; 1918 ; Украина.Державный Кредитовий бiлет. ;  ;  ; 21 ; AIK60 ; 135 
 4084 ; 10 гривень ; 1918 ; Украина.Державный Кредитовий бiлет. ;  ;  ; 5 ; koga ; 108 
 4085 ; 100 рублей ; 1922 ; Бухарская Республика ;  ;  ; 37 ; monos72 ; 724 
 4086 ; 50 рублей ; 1919 ;  ;  ;  ; 66 ; raise ; 95 
 4087 ; 50 рублей ; 1919 ;  ;  ;  ; 83 ; raise ; 211 
 4088 ; 100 рублей ; 1918 ; Гос.кредитн.билет образца 1918 г. ;  ;  ; 12 ; alexnkru ; 32 
 3251 ; 50 марок. Финляндия. 80 лет со дня рождения президента Кекконена. М-20,1г ; 1981 ;  ; Ag ; Unc/AU ; 59 ; S1952 ; 509 
 3252 ; 50 марок. Финляндия. Зимний чемпионат по хоккею. М-23,13г ; 1982 ;  ; Ag ; AU ; 68 ; Artemon ; 833 
 3253 ; 50 марок. Финляндия. 1-й чемпионат по атлетике. М-21,91г ; 1983 ;  ; Ag ; Unc/AU ; 43 ; Artemon ; 833 
 3254 ; 50 марок. Финляндия. Национальный эпос - Калевала. М-19,9г ; 1985 ;  ; Ag ; Unc/AU ; 103 ; morozik ; 615 
 3255 ; 10 гривен. Украина. Михайловский собор. В коробке ; 1998 ;  ; Ag ; Proof ; 10 ; LEXAI ; 1326 
 3256 ; 500 тенге. Казахстан. Прикладное искусство. В коробке, с сертификатом ; 2003 ;  ; Ag ; Proof ; 7 ; Artemon ; 1632 
 3257 ; 500 тенге. Казахстан. Прикладное искусство. В коробке, с сертификатом ; 2005 ;  ; Ag ; Proof ; 6 ; Artemon ; 1326 
 3258 ; Лот монет ГДР (5шт): 20 марок. Шиллер, 25 лет ГДР ; 1972,1974 ;  ; Cu/Ni ; AU/XF ; 42 ; Vibel ; 501 
 3259 ; Лот монет ГДР (5шт): 20 марок, 10 марок. Тельманн, Пик, 25 лет ГДР, Бухенвальд ; 1971,1972,1974 ;  ; Cu/Ni ; AU/XF ; 26 ; Vibel ; 505 
 3260 ; Лот монет ГДР (5шт): 20 марок, 10 марок. Шиллер, Бухенвальд, 25 лет ГДР, Фестиваль молодежи и студентов ; 1972,1973,1974 ;  ; Cu/Ni ; AU/XF ; 28 ; Vibel ; 502 
 3261 ; Лот монет ГДР (5шт): 20марок, 10 марок. Тельманн, 25 лет ГДР,  Фестиваль молодежи и студентов ; 1971,1973,1974 ;  ; Cu/Ni ; AU/XF ; 28 ; Vibel ; 498 
 3262 ; Лот монет ГДР (5шт): 20 марок, 10 марок, 5 марок. Тельманн, Бухенвальд, 25 лет ГДР, Мейсен ; 1971,1972,1974 ;  ; Cu/Ni ; AU/VF-XF ; 37 ; Vibel ; 502 
 3263 ; Лот монет ГДР (5шт): 20 марок, 10 марок, 5 марок. Шиллер, Фестиваль молодежи и студентов, 25 лет ГДР, Бухенвальд, Мейсен ; 1972,1973,1974 ;  ; Cu/Ni ; AU/XF ; 28 ; Vibel ; 499 
 3264 ; Лот монет ГДР (5шт): 20 марок, 10 марок. Тельманн, Шиллер, Бранденбургские ворота, 20 лет Варшавскому договору ; 1971,1972,1975,1990 ;  ; Cu/Ni ; AU/XF ; 39 ; obr73 ; 583 
 3265 ; Лот монет ГДР (7шт): 10 пфеннигов ; 1948,1950 ;  ; Al ; VF-/VF+ ; 2 ; Vibel ; 57 
 3266 ; Лот монет ГДР (8шт): 5 пфеннигов ; 1948,1949,1950,1975 ;  ; Al ; VF-/XF- ; 16 ; xct ; 36 
 3267 ; Лот монет ГДР (8шт): 1 пфенниг ; 1952,1953,1972,1988 ;  ; Al ; VF-/XF+ ; 4 ; zx123 ; 33 
 3268 ; Лот монет Польши, Швейцарии, Италии (4шт) ; 1867-1964 ;  ; Cu/Ni,Cu ; VF-/VF-XF ; 41 ; aldor ; 244 
 3269 ; Лот монет Литвы (5шт): 1 лит ; 1997-2009 ;  ; Cu/Ni ; XF/AU ; 21 ; Буратино ; 169 
 3270 ; Лот монет Литвы, Латвии, Австрии (5шт) ; 1860-1939 ;  ; Cu ; VF-/VF+ ; 33 ; Habar ; 242 
 3271 ; Лот монет Швеции: 12шт ; 1966-1992 ;  ; Cu-Ni,Br ; VF/XF ; 41 ; alex995 ; 50 
 3272 ; Лот монет Франции: 7шт ; 1960-1992 ;  ; Би/м,Al/Br,Cu-N ; VF+/XF ; 9 ; Болгарин ; 101 
 3273 ; Лот монет Нидерландов: 12шт ; 20 век, 1970-1993 ;  ; Ag,Cu-Ni,Br ; F+/XF ; 43 ; kozerog ; 114 
 3274 ; Лот монет Финляндии, Бельгии, Дании, Норвегии: 9шт ; 1937-1991 ;  ; Cu-Ni,Al/Br,Fe ; VF-/VF-XF ; 30 ; Vibel ; 227 
 3275 ; Лот монет Испания, италия, Греция, Португалия: 6шт ; 1963-1989 ;  ; Cu-Ni,Al/Br,St ; VF+/VF-XF ; 15 ; kozerog ; 79 
 3276 ; Лот монет Югославии, Гон-Конга, Японии: 6шт ; 1972-1991 ;  ; Cu-Ni,Латунь,Al ; VF/VF+ ; 9 ; kozerog ; 63 
 3277 ; Лот монет Германии, Болгарии, Австрии, Румынии, Чехословакии, Веймара: 11шт ; 1907-1944 ;  ; Al/Br,Zn,Br ; F+/VF- ; 19 ; Vibel ; 306 
 3278 ; Лот монет Сербии, Кубы, Югославии, Франции, Швейцарии, жетон: 15шт ; 1884-1979 ;  ; Br,Zn,Al,Cu-Ni, ; VF-/XF- ; 35 ; PaulMS ; 439 
 3279 ; Лот евромонет Германии, Испании, Франции, Финляндии: 5 евроцентов (4шт) ; 2001-2008 ;  ; Cu ; VF+/VF-XF ; 9 ; Gell13 ; 25 
 3280 ; Лот монет Канады: 1 цент (7шт) ; 1989-2008 ;  ; Cu ; VF+/VF-XF ; 27 ; 542 ; 56 
 3281 ; Лот монет Великобритании: 1 пенни (8шт) ; 1971-1998 ;  ; Cu ; VF/VF+ ; 11 ; Al0851 ; 29 
 3282 ; Лот монет США: 5 центов (5шт) ; 1964-1989 ;  ; Cu-Ni ; VF/VF+ ; 20 ; alex995 ; 31 
 3283 ; Лот монет Франции: 10 сантимов (5шт) ; 1963-1997 ;  ; Al/Br ; VF/XF- ; 16 ; Vibel ; 35 
 3284 ; Лот монет США: 1 цент (8шт) ; 1970-1977 ;  ; Cu-Zn ; F-VF/XF- ; 5 ; Gell13 ; 33 
 3285 ; Лот евромонет Германии: 1 евроцент (12шт) ; 2002-2009 ;  ; Cu ; VF/XF ; 10 ; Моряк-собиратель ; 50 
 3286 ; Лот монет США: 1 цент (6шт) ; 1891-1936 ;  ; Br ; VF/VF-XF ; 65 ; КАРКУША ; 340 
 3287 ; Лот монет Германии, Бельгии, Цейлона, Великобритании: 6шт ; 1763-1870 ;  ; Cu ; F-VF ; 47 ; ur_adamov ; 1058 
 3288 ; Лот монет Греции: 5,10,50 лепт (3шт) ; 1954-1973 ;  ; Al,Cu-Ni ; VF ; 25 ; alskr ; 124 
 3289 ; Лот монет Дании: 1,2,5,10 эре (4шт) ; 1937-1944 ;  ; Al,Zn,Cu-Ni ; F-VF/VF ; 44 ; kergudu ; 117 
 3290 ; Лот монет Норвегии: 1,10,25 эре (3шт) ; 1949 ;  ; Br,Cu-Ni ; VF+/VF-XF ; 15 ; zx123 ; 44 
 3291 ; Лот монет Швеции: 1,10 эре (4) ; 1915-1921 ;  ; Br,Fe,Ni/Br ; VF-/VF+ ; 47 ; breizh ; 168 
 3292 ; Лот ЕВРО монет: 4шт ; 2000-2002 ;  ; Би/м ; VF-XF/XF+ ; 17 ; Моряк-собиратель ; 298 
 3293 ; Лот монет Прибалтики: 8шт ; 1929-2008 ;  ; Латунь,Al,Br ; VF-/AU ; 51 ; Vibel ; 195 
 3294 ; Лот монет Никарагуа: 5шт ; 1965-1983 ;  ; Cu-Ni,Al ; VF-/XF- ; 39 ; mamont ; 305 
 3295 ; Лот монет Коста-Рики, Испании, Сальвадора: 4шт ; 1957-1982 ;  ; Cu-Ni,St ; VF/XF ; 23 ; vc57 ; 142 
 3296 ; Лот монет Нидерландов, Дании, Швеции: 5шт ; 1962-1992 ;  ; Cu-Ni,Br ; VF-/VF-XF ; 14 ; MC17 ; 38 
 3297 ; Лот монет Польши: 2шт ; 1976,1977 ;  ; Cu-Ni ; VF/XF ; 9 ; Vibel ; 80 
 3298 ; Лот монет Канады, Германии: 5шт ; 1914-1983 ;  ; Ag,Cu-Ni,Br ; VF-/VF+ ; 47 ; Vibel ; 159 
 3299 ; Лот монет Испании: 2шт ; 1986,1987 ;  ; Cu-Ni,Латунь ; VF/XF+ ; 23 ; Vibel ; 204 
 3300 ; Лот монет Великобритании: 4шт ; 1953-1957 ;  ; Cu-Ni ; VF- ; 37 ; garsn ; 159 
 3201 ; 8 дублей. Гернси ; 1945 ;  ; Br ; VF+ ; 17 ; Vibel ; 133 
 3202 ; 8 дублей. Гернси ; 1949 ;  ; Br ; VF-XF ; 21 ; Vibel ; 97 
 3203 ; 8 дублей. Гернси ; 1949 ;  ; Br ; VF+ ; 13 ; Vibel ; 97 
 3204 ; 20 драхм. Греция ; 1960 ;  ; Ag ; VF ; 37 ; Rober ; 184 
 3205 ; 100 йен. Япония ; 20 век ;  ; Ag ; AU ; 34 ; Болгарин ; 233 
 3206 ; 3 пенса. Новая Зеландия ; 1934 ;  ; Ag ; VF-XF ; 24 ; arko222 ; 85 
 3207 ; 3 пенса. Новая Зеландия ; 1937 ;  ; Ag ; VF-XF ; 26 ; Vibel ; 90 
 3208 ; 25 сентавос. Мексика ; 1952 ;  ; Ag ; VF-XF ; 14 ; Shrrv ; 157 
 3209 ; 2 фунта. Великобритания. XII игры содружества ; 1986 ;  ; Ni/Латунь ; AU ; 64 ; vol ; 316 
 3210 ; 8 доблей. Гернси ; 1889Н ;  ; Br ; XF ; 16 ; Буратино ; 201 
 3211 ; 8 доблей. Гернси ; 1910Н ;  ; Br ; XF+XF+ ; 37 ; Буратино ; 152 
 3212 ; 4 добля. Гернси ; 1889Н ;  ; Br ; XF+ ; 15 ; alko25 ; 134 
 3213 ; 4 добля. Гернси ; 1902Н ;  ; Br ; XF+ ; 25 ; 542 ; 161 
 3214 ; 4 добля. Гернси ; 1906Н ;  ; Br ; VF-XF ; 28 ; vc57 ; 114 
 3215 ; 4 добля. Гернси ; 1910Н ;  ; Br ; VF-XF ; 9 ; vc57 ; 122 
 3216 ; 1 добль. Гернси ; 1830 ;  ; Br ; XF- ; 16 ; raise ; 206 
 3217 ; 1 добль. Гернси ; 1885Н ;  ; Br ; XF+ ; 44 ; Буратино ; 197 
 3218 ; 1 добль. Гернси ; 1889Н ;  ; Br ; AU ; 31 ; ИЮМов1 ; 214 
 3219 ; 1 добль. Гернси ; 1893Н ;  ; Br ; XF+ ; 37 ; Vibel ; 128 
 3220 ; 1 добль. Гернси ; 1899Н ;  ; Br ; XF ; 39 ; jj ; 112 
 3221 ; 1 сентаво. Португалия ; 1918 ;  ; Br ; XF+ ; 24 ; Argnist3000 ; 92 
 3222 ; 50 центов. Багамские острова ; 1966 ;  ; Cu-Ni ; AU ; 38 ; andorf ; 170 
 3223 ; 1/12 шиллинга. Джерси ; 1913 ;  ; Br ; AU ; 18 ; Сакович ; 235 
 3224 ; 1/12 шиллинга. Джерси ; 1923 ;  ; Br ; XF ; 41 ; кабачок ; 195 
 3225 ; 1/24 шиллинга. Джерси ; 1926 ;  ; Br ; XF+ ; 41 ; ИЮМов1 ; 203 
 3226 ; 1/24 шиллинга. Джерси ; 1931 ;  ; Br ; XF+ ; 15 ; Сакович ; 213 
 3227 ; 1/24 шиллинга. Джерси ; 1937 ;  ; Br ; XF+ ; 47 ; Сакович ; 153 
 3228 ; 1 сентим. Нидерланды ; 1877 ;  ; Cu ; VF+ ; 30 ; бормоглот ; 410 
 3229 ; 1 эскудо. Кабинда ; 2003 ;  ; Би/м ; AU ; 33 ; LEXAI ; 201 
 3230 ; 10 сентавос. Кабинда ; 2001 ;  ; Cu-Ni ; AU ; 43 ; aldor ; 136 
 3231 ; 1/2 пенни. Австралия ; 1950 ;  ; Br ; VF ; 12 ; Vibel ; 55 
 3232 ; 20 риалов. Иран ; 1979-1988 ;  ; Cu-Ni ; VF+ ; 18 ; PaulMS ; 27 
 3233 ; 2 франка. Бельгийское Конго ; 1946 ;  ; Латунь ; VF+ ; 67 ; andorf ; 228 
 3234 ; 1 франк. Бельгийское Конго ; 1944 ;  ; Латунь ; F-VF ; 14 ; aldor ; 159 
 3235 ; 10 сентавос. Аргентина ; 1938 ;  ; Cu-Ni ; VF ; 7 ; MC17 ; 34 
 3236 ; 5 пфеннигов. Германия ; 1918А ;  ; Fe ; VF+ ; 6 ; AnvlaSar6216 ; 25 
 3237 ; 5 филлер. Венгрия ; 1970 ;  ; Al ; AU ; 14 ; Vibel ; 62 
 3238 ; 10 центов. Малайя. Георг VI ; 1950 ;  ; Cu-Ni ; VF+ ; 23 ; morozik ; 113 
 3239 ; 10 центов. Малайя и Британское Борнео ; 1953 ;  ; Cu-Ni ; VF ; 53 ; Сакович ; 95 
 3240 ; 10 центов. Малайя и Британское Борнео ; 1961 ;  ; Cu-Ni ; VF+ ; 27 ; Сакович ; 95 
 3241 ; 10 центов. Восточная Африка ; 1950 ;  ; Br ; VF+ ; 26 ; 542 ; 104 
 3242 ; 10 центов. Восточная Африка ; 1951 ;  ; Br ; VF+ ; 14 ; Vibel ; 73 
 3243 ; 1 пфенниг. Ганновер ; 1853В ;  ; Cu ; VF ; 26 ; Vibel ; 160 
 3244 ; 10 марок. Финляндия. 50 лет Независимости. М-23,94г ; 1967 ;  ; Ag ; Unc/AU ; 23 ; суслик ; 558 
 3245 ; 10 марок. Финляндия. 100 лет со дня рождения президента Кекконена. М-22,59г ; 1970 ;  ; Ag ; Unc/AU ; 48 ; кошак ; 510 
 3246 ; 10 марок. Финляндия. 10-й европейский чемпионат по атлетике. М-27,2г ; 1971 ;  ; Ag ; AU ; 27 ; twister174 ; 501 
 3247 ; 10 марок. Финляндия. 75 лет со дня рождения президента Кекконена. М-23,27г ; 1975 ;  ; Ag ; Unc/AU ; 52 ; s451 ; 509 
 3248 ; 10 марок. Финляндия. 60 лет независимости. М-21,98г ; 1977 ;  ; Ag ; Unc/AU ; 70 ; dsp ; 443 
 3249 ; 25 марок. Финляндия. Зимние игры в Лахти. М-26,41г ; 1978 ;  ; Ag ; Unc/AU ; 53 ; Lasto4kaSPB ; 560 
 3250 ; 25 марок. Финляндия. 750 лет Турку. М-26,43г ; 1979 ;  ; Ag ; Unc/AU ; 47 ; суслик ; 552 
 3151 ; 1 дайм. США ; 1952 ;  ; Ag ; VF- ; 64 ; Сакович ; 230 
 3152 ; 3 гроша. Курляндия ; 1764 ;  ; Ag ; F+ ; 70 ; кs ; 1836 
 3153 ; 1 грош. Польша ; 1775-1792 ;  ; Cu ; F-VF ; 23 ; AIK60 ; 309 
 3154 ; 1 грош. Польша ; 1765 ;  ; Cu ; VF- ; 22 ; Al0851 ; 102 
 3155 ; 1 лира. Ватикан ; 1932 ;  ; Cu/Ni ; AU ; 49 ; alskr ; 308 
 3156 ; 1 шо. Тибет ;  ;  ; Cu ; VF- ; 51 ; 161rus ; 189 
 3157 ; 5 эре. Швеция ; 1882 ;  ; Cu ; F-VF ; 41 ; breizh ; 130 
 3158 ; 1 пайса. Индия. Бахавалпур ; 1342-1343 ;  ; Cu ; VF-XF ; 28 ; ZET ; 255 
 3159 ; 10 чентезими. Сан-Марино ; 1936 ;  ; Cu ; XF- ; 8 ; кве ; 272 
 3160 ; 5/10 крейцеров. Австрия ; 1885 ;  ; Cu ; XF+ ; 20 ; Юбер ; 271 
 3161 ; 2 сантима. Латвия ; 1939 ;  ; Cu ; XF- ; 13 ; lessnoy ; 102 
 3162 ; 1/2 цента. Нидерландская Индия ; 1945 ;  ; Cu ; AU ; 23 ; Vibel ; 102 
 3163 ; 2 лата. Латвия ; 1926 ;  ; Ag ; F-VF ; 38 ; pref ; 201 
 3164 ; 1 лев. Болгария ; 1882 ;  ; Ag ; F+ ; 16 ; pref ; 107 
 3165 ; 1 гульден. Нидерланды. Отверстие 12 часов ; 1848 ;  ; Ag ; F+ ; 24 ; Rober ; 443 
 3166 ; 10 пиастров. Египет. Отверстие 12 часов ; 1960 ;  ; Ag ; F+ ; 19 ; DVZ ; 204 
 3167 ; 10 лева. Болгария ; 1930 ;  ; Cu-Ni ; F-VF ; 29 ; Болгарин ; 95 
 3168 ; 10 центов. Нидерланды ; 1941 ;  ; Ag ; VF- ; 23 ; kosiak90 ; 123 
 3169 ; 2 руфии. Мальдивы ; 2007 ;  ; Латунь ; XF- ; 18 ; Болгарин ; 100 
 3170 ; 5 рупий. Шри-Ланка ; 2009 ;  ; Латунь ; AU ; 32 ; andorf ; 90 
 3171 ; 1 руфия. Мальдивы ; 1996 ;  ; Cu-Ni ; VF-XF ; 21 ; Болгарин ; 67 
 3172 ; 2,5 эскудо. Португалия ; 1979 ;  ; Cu-Ni ; VF+ ; 10 ; aldor ; 68 
 3173 ; 2 рупии. Шри-Ланка ; 1984 ;  ; Cu-Ni ; XF+ ; 8 ; Vibel ; 31 
 3174 ; 10 злотых. Польша ; 1933 ;  ; Ag ; XF+ ; 49 ; Harder ; 668 
 3175 ; 4 сентесимо. Уругвай ; 1869 ;  ; Cu ; VF- ; 39 ; aldor ; 489 
 3176 ; 1 пенни. Великобритания ; 1908 ;  ; Br ; VF-XF ; 27 ; Dbrnjh ; 161 
 3177 ; 200 марок. Веймар ; 1923D ;  ; Al ; AU ; 20 ; ganza ; 75 
 3178 ; 1 пфенниг. Веймар ; 1931А ;  ; Br ; XF- ; 24 ; ganza ; 51 
 3179 ; 1/2 фартинга. Великобритания ; 1844 ;  ; Cu ; VF ; 27 ; morozik ; 226 
 3180 ; 1 дуит. Нидерландская Восточная Индия. Голландия ; 1851 ;  ; Cu ; F+ ; 27 ; smel ; 197 
 3181 ; 1 дуит. Нидерландская Восточная Индия. West Friesland ; 1780 ;  ; Cu ; F+ ; 47 ; Al0851 ; 237 
 3182 ; 5 центов. Канада ; 1919 ;  ; Ag ; VF- ; 47 ; murka1973 ; 160 
 3183 ; 3 пенса. Австралия ; 1936 ;  ; Ag ; VF+ ; 32 ; кабачок ; 181 
 3184 ; 6 пенсов. Австралия ; 1962 ;  ; Ag ; XF ; 21 ; Lena6975 ; 153 
 3185 ; 10 франков. Центральные Африканские Штаты ; 1974 ;  ; Al/Br ; VF- ; 27 ; aldor ; 143 
 3186 ; 1 франкю Бурунди ; 1965 ;  ; Латунь ; VF ; 43 ; andorf ; 194 
 3187 ; 5 мил. Палестина ; 1935 ;  ; Cu-Ni ; VF+ ; 18 ; lessnoy ; 148 
 3188 ; 1 евро (Проба. Essai). Дания ; 2003 ;  ; Латунь ? ; XF ; 74 ; DVZ ; 196 
 3189 ; 1/2 пенни. Австралия ; 1927 ;  ; Br ; VF- ; 13 ; Юбер ; 102 
 3190 ; 10 чентезимо. Италия ; 1862 ;  ; Cu ; F-VF ; 9 ; Vibel ; 83 
 3191 ; 10 чентезимо. Италия ; 1866 ;  ; Cu ; F-VF ; 13 ; ganza ; 94 
 3192 ; 1 крона. Великобритания. Уинстон Черчилль ; 1965 ;  ; Cu-Ni ; AU ; 56 ; Smit ; 107 
 3193 ; 1 крона. Великобритания. Уинстон Черчилль ; 1965 ;  ; Cu-Ni ; AU ; 32 ; фёкла ; 110 
 3194 ; 1 крона. Великобритания. Уинстон Черчилль ; 1965 ;  ; Cu-Ni ; XF+ ; 20 ; Vibel ; 128 
 3195 ; 1 крона. Великобритания. Уинстон Черчилль ; 1965 ;  ; Cu-Ni ; XF+ ; 6 ; фёкла ; 111 
 3196 ; 3 марки. Веймар ; 1922А ;  ; Al ; VF+ ; 40 ; ganza ; 104 
 3197 ; 200 марок. Веймар ; 1923А ;  ; Al ; AU ; 23 ; ganza ; 92 
 3198 ; 1 лира. Италия ; 1924R ;  ; Ni ; VF+ ; 44 ; Sky2 ; 222 
 3199 ; 1 лира. Италия ; 1924R ;  ; Ni ; VF- ; 43 ; Vibel ; 102 
 3200 ; 8 дублей. Гернси ; 1945 ;  ; Br ; VF-XF ; 22 ; Vibel ; 88 
 3101 ; 50 пфеннигов. Саксония ; 1921 ;  ; Керамика ; XF/AU ; 45 ; scaevola ; 486 
 3102 ; 20 пфеннигов. Саксония ; 1921 ;  ; Керамика ; XF/AU ; 39 ; hobot ; 442 
 3103 ; 50 пфеннигов. Гота ; 1921 ;  ; Керамика ; XF/AU ; 36 ; ganza ; 362 
 3104 ; 6 пенсов. Великобритания ; 1931 ;  ; Ag ; VF ; 48 ; Al0851 ; 144 
 3105 ; Сольдо (12 данариев). Венеция ; XVIII в ;  ; Cu ; F+ ; 52 ; eres ; 956 
 3106 ; 1 цент. США ; 2009 ;  ; Cu-Zn ; AU ; 18 ; ganza ; 33 
 3107 ; 1 цент. США ; 2009D ;  ; Cu-Zn ; AU ; 17 ; kozerog ; 33 
 3108 ; 1 цент. США ; 2009D ;  ; Cu-Zn ; AU ; 18 ; kozerog ; 34 
 3109 ; 1 цент. США ; 2010D ;  ; Cu-Zn ; AU ; 23 ; kozerog ; 34 
 3110 ; 50 евроцентов. Словения. Образец ; 2003 ;  ; Латунь ; AU ; 28 ; mamont ; 129 
 3111 ; 20 евроцентов. Словения. Образец ; 2003 ;  ; Латунь ; AU ; 9 ; mamont ; 120 
 3112 ; 10 евроцентов. Словения. Образец ; 2003 ;  ; Латунь ; AU ; 8 ; mamont ; 120 
 3113 ; 5 евроцентов. Словения. Образец ; 2003 ;  ; Cu ; AU ; 7 ; mamont ; 117 
 3114 ; 2 евроцента. Словения. Образец ; 2003 ;  ; Cu ; AU ; 7 ; mamont ; 117 
 3115 ; 1 евроцент. Словения. Образец ; 2003 ;  ; Cu ; AU ; 5 ; mamont ; 128 
 3116 ; 20 евроцентов. Дания. Образец ; 2003 ;  ; Латунь ; AU ; 30 ; lesnik1 ; 120 
 3117 ; 10 евроцентов. Мальта. Образец ; 2003 ;  ; Латунь ; AU ; 16 ; lesnik1 ; 129 
 3118 ; 2 евроцентов. Дания. Образец ; 2003 ;  ; Cu ; AU ; 16 ; Gell13 ; 114 
 3119 ; 2 евроцентов. Литва. Образец ; 2003 ;  ; Cu ; XF+ ; 20 ; vc57 ; 114 
 3120 ; 1 евроцентов. Литва. Образец ; 2003 ;  ; Cu ; AU ; 5 ; avs ; 125 
 3121 ; 6 пенсов. Великобритания ; 1938 ;  ; Ag ; VF- ; 17 ; Habar ; 124 
 3122 ; 1 шиллинг. Великобритания ; 1924 ;  ; Ag ; F ; 36 ; Сакович ; 94 
 3123 ; 1 шиллинг. Великобритания ; 1948 ;  ; Cu-Ni ; VF- ; 40 ; aldor ; 147 
 3124 ; 2 шиллинга. Великобритания ; 1948 ;  ; Cu-Ni ; VF ; 36 ; Сакович ; 145 
 3125 ; 25 эре. Швеция ; 1945 ;  ; Ag ; F-VF ; 18 ; Vibel ; 49 
 3126 ; 5000 донг. Вьетнам ; 2003 ;  ; Латунь ; VF-XF ; 21 ; Vibel ; 104 
 3127 ; 10 пара. Османская Империя ; 1293/27 (1901) ;  ; Биллон ; F-VF ; 36 ; alskr ; 77 
 3128 ; 1/4 боливара. Венесуэла ; 1948 ;  ; Ag ; VF-XF ; 22 ; Vibel ; 152 
 3129 ; 25 сентаво. Мексика ; 1951 ;  ; Ag ; VF-XF ; 18 ; Vibel ; 152 
 3130 ; 50 сентаво. Куба. 100 лет Хосе Марти ; 1953 ;  ; Ag ; VF-XF ; 58 ; кве ; 595 
 3131 ; 50 сентаво. Куба. 100 лет Хосе Марти ; 1953 ;  ; Ag ; XF- ; 66 ; кве ; 510 
 3132 ; 50 сентаво. Куба. 50 лет республике ; 1952 ;  ; Ag ; VF- ; 56 ; vc57 ; 306 
 3133 ; 50 сентаво. Куба ; 1915 ;  ; Ag ; VF- ; 41 ; Иа-Иа ; 286 
 3134 ; 25 сентаво. Куба. 100 лет Хосе Марти ; 1953 ;  ; Ag ; VF-XF ; 27 ; Иа-Иа ; 172 
 3135 ; 25 сентаво. Куба. 100 лет Хосе Марти ; 1953 ;  ; Ag ; XF+ ; 40 ; кве ; 185 
 3136 ; 10 сентаво. Куба. 50 лет республике ; 1952 ;  ; Ag ; XF+ ; 27 ; кве ; 185 
 3137 ; 10 сентаво. Куба ; 1949 ;  ; Ag ; AU/XF ; 21 ; кве ; 175 
 3138 ; 20 злотых. Польша. 50 лет судну "Подарок Померании" ; 1980 ;  ; Cu-Ni ; AU ; 84 ; seaman ; 463 
 3139 ; 20 злотых. Польша. Первый поляк в космосе ; 1978 ;  ; Cu-Ni ; AU ; 54 ; Sky2 ; 206 
 3140 ; 5 лева. Болгария ; 1885 ;  ; Ag ; VF+ ; 34 ; Serg78 ; 684 
 3141 ; 25 крон. Норвегия. 25 лет освобождения ; 1970 ;  ; Ag ; AU ; 57 ; SOS ; 593 
 3142 ; 5 сукре. Эквадор ; 1944 ;  ; Ag ; VF-XF ; 22 ; cotangens ; 713 
 3143 ; 5 франков. Швейцария ; 1932 ;  ; Ag ; VF-XF ; 28 ; suhua ; 816 
 3144 ; 30 драхм. Греция. Свадьба Константина и Анны Марии ; 1964 ;  ; Ag ; AU ; 39 ; hugo ; 713 
 3145 ; 20 динар. Югославия. 25 лет Республике ; 1968 ;  ; Ag ; AU ; 88 ; Fox13 ; 744 
 3146 ; 1 динар. Сербрия ; 1915 ;  ; Ag ; XF+ ; 43 ; Lena6975 ; 279 
 3147 ; 1 шиллинг. Новая Гвинея ; 1935 ;  ; Ag ; XF ; 24 ; morozik ; 236 
 3148 ; 50 сантимов. Испания ; 1926 ;  ; Ag ; VF ; 45 ; DVZ ; 323 
 3149 ; 1/4 гульдена. Нидерландская Индия ; 1945 ;  ; Ag ; XF/AU ; 18 ; cotangens ; 200 
 3150 ; 100 франков. Марокко ; 1953 ;  ; Ag ; VF+ ; 35 ; Буратино ; 421 
 3051 ; 2 доллара. Канада, Елизавета II ; 1996 ;  ; Би/м ; VF+ ; 22 ; aldor ; 100 
 3052 ; 2 доллара. Канада, Елизавета II ; 2007 ;  ; Би/м ; AU ; 13 ; борисыч ; 142 
 3053 ; 2 доллара. Канада, Елизавета II. Шаман ; 1999 ;  ; Би/м ; AU ; 32 ; борисыч ; 278 
 3054 ; 25 пенсов. О. Гоф. Сова ; 2009 ;  ; Би/м ; AU ; 35 ; борисыч ; 385 
 3055 ; 1 шиллинг. Австралия, Елизавета II ; 1960 ;  ; Ag ; VF ; 34 ; Сакович ; 302 
 3056 ; 5 центов. Канада, Георг V ; 1917 ;  ; Ag ; VF ; 34 ; Сакович ; 175 
 3057 ; 1/4 доллара. США ; 1949 ;  ; Ag ; VF ; 33 ; suhua ; 250 
 3058 ; 1 дайм. США ; 1943 ;  ; Ag ; VF- ; 37 ; suhua ; 161 
 3059 ; 1 дайм. США ; 1948 ;  ; Ag ; VF+ ; 34 ; Сакович ; 243 
 3060 ; 1 доллар. Австралия, Елизавета II. Кенгуру ; 2008 ;  ; Al/Br ; AU ; 67 ; andorf ; 400 
 3061 ; 2 доллара. Новая Зеландия, Елизавета II ; 1990 ;  ; Al/Br ; VF- ; 41 ; krut0803 ; 272 
 3062 ; 2 доллара. Австралия, Абориген ; 1989 ;  ; Al/Br ; VF ; 25 ; Vibel ; 191 
 3063 ; 1 цент. США ; 1910 ;  ; Cu/Zn ; VF ; 24 ; ganza ; 73 
 3064 ; 1 цент. Канада. 100 лет конфедерации ; 1967 ;  ; Cu/Zn ; AU ; 23 ; Болгарин ; 96 
 3065 ; 1 цент. Канада, Елизавета II ; 1977 ;  ; Cu/Zn ; VF ; 10 ; alex995 ; 11 
 3066 ; 1 пенни. Новая Зеландия, Георг VI ; 1949 ;  ; Br ; VF+ ; 26 ; morozik ; 124 
 3067 ; 1 пенни. О. Гоф. Птицы ; 2009 ;  ; Br ; AU ; 44 ; aldor ; 262 
 3068 ; 1/2 пенни. О. Гоф. Птицы ; 2009 ;  ; Br ; AU ; 49 ; Болгарин ; 156 
 3069 ; 6 стюверов. Нидерланды, Голландия и Западная Фризия ; 1759 ;  ; Ag ; F-VF ; 57 ; aldor ; 542 
 3070 ; 2 пфеннига. Германия, Саксен-Мейнинген, Георг II (1866-1914) ; 1868 ;  ; Br ; VF- ; 19 ; ratiandr ; 160 
 3071 ; 1 пфенниг. Германия, Саксен-Мейнинген, Бернхард (1803-1866) ; 1862 ;  ; Br ; F-VF ; 21 ; jj ; 152 
 3072 ; 1/2 пенни. Великобритания, Георг IV ; 1827 ;  ; Br ; F ; 38 ; фёкла ; 270 
 3073 ; 1 пенни. Великобритания, Виктория ; 1860 ;  ; Br ; F+ ; 25 ; morozik ; 260 
 3074 ; 10 центов. Британскй Гонконг, Виктория ; 1891 ;  ; Ag ; VF ; 16 ; lesnik1 ; 204 
 3075 ; 10 центов. Британская Канада, Елизавета II. Парусник ; 1965 ;  ; Ag ; VF-XF ; 21 ; Vibel ; 104 
 3076 ; 5 мильемов. Британский Египет, Хусейн Камиль (1915-1918) ; 1917Н ;  ; никелин ; VF ; 27 ; suhua ; 102 
 3077 ; 1 мильем. Британский Египет, Хусейн Камиль (1915-1918) ; 1917Н ;  ; никелин ; VF ; 75 ; кве ; 194 
 3078 ; 50 сен. Япония. 15-й год Тайсё ; 1926 ;  ; Ag ; F-VF ; 61 ; suhua ; 306 
 3079 ; 2 крейцера. Австро-Венгерская Империя, Франц Иосиф I ; 1896 ;  ; Br ; F+ ; 23 ; Юбер ; 77 
 3080 ; 1 песета. Испания ; 1870 ;  ; Ag ; VF ; 27 ; jj ; 206 
 3081 ; 2 сантима. Испания ; 1870 ;  ; Br ; VF ; 41 ; Юбер ; 119 
 3082 ; 5 стотинок. Болгария ; 1906 ;  ; никелин ; F-VF ; 15 ; Юбер ; 57 
 3083 ; 2 стотинки. Болгария ; 1912 ;  ; Br ; VF+ ; 61 ; av ; 120 
 3084 ; 20 лир. Ватикан, Павел VI ; 1968 ;  ; Br ; AU ; 57 ; alskr ; 218 
 3085 ; 50 сантимов. Италия, Виктор Иммануил III ; 1920 ;  ; никелин ; F-VF ; 24 ; aldor ; 144 
 3086 ; 1 крона. Швеция, Карл XVI Густав ; 1981 ;  ; никелин ; VF ; 4 ; Vibel ; 11 
 3087 ; 1000 эскудо. Португалия ; 1997 ;  ; Ag ; XF/AU ; 37 ; кошак ; 564 
 3088 ; 50 центов. Канада. Упаковка ; 1965 ;  ; Ag ; AU ; 40 ; vitapool ; 213 
 3089 ; 25 центов. Канада. Упаковка ; 1965 ;  ; Ag ; AU ; 13 ; Vibel ; 153 
 3090 ; 10 центов. Канада. Упаковка ; 1965 ;  ; Ag ; AU ; 11 ; Vibel ; 125 
 3091 ; 10 центов. Стрейтс-Сетлментс ; 1919 ;  ; Ag ; F-VF ; 33 ; Сакович ; 179 
 3092 ; 1 шиллинг. Новая Гвинея ; 1935 ;  ; Ag ; XF- ; 37 ; Юбер ; 248 
 3093 ; 1/10 гульдена. Нидерландские Антиллы ; 1959 ;  ; Ag ; F-VF ; 21 ; Vibel ; 73 
 3094 ; 1/10 гульдена. Нидерландская Индия ; 1942S ;  ; Ag ; AU ; 28 ; twister174 ; 113 
 3095 ; 100 йен. Япония. Токио Олимпида ; 1964 ;  ; Ag ; AU ; 24 ; борисыч ; 223 
 3096 ; 100 йен. Япония ; 1960 ;  ; Ag ; XF ; 23 ; борисыч ; 216 
 3097 ; 5 бани. Румыния ; 1882 ;  ; Cu ; F-VF ; 31 ; кве ; 356 
 3098 ; 10 марок. Мейсен ; 1921 ;  ; Керамика ; XF/AU ; 66 ; scaevola ; 1168 
 3099 ; 2 марки. Саксония ; 1921 ;  ; Керамика ; XF+ ; 48 ; ganza ; 452 
 3100 ; 1 марка. Саксония ; 1921 ;  ; Керамика ; XF/AU ; 25 ; Юджин ; 564 
 3001 ; 50 центов. Австралия. Серебряный юбилей ; 1977 ;  ; Cu-Ni ; VF-XF ; 48 ; Vibel ; 115 
 3002 ; 1/2 доллара. США. 500 лет открытию Колумба ; 1992D ;  ; Cu-Ni ; AU ; 82 ; dbnfvby ; 742 
 3003 ; 1/2 доллара. США. Гора Рашмор ; 1991D ;  ; Cu-Ni ; AU ; 96 ; dbnfvby ; 426 
 3004 ; 5 марок. ФРГ ; 1993A ;  ; Cu-Ni ; AU ; 56 ; kozerog ; 113 
 3005 ; 5 марок. ФРГ. 10 лет конференции ООН по вопросам окружающей среды ; 1982F ;  ; Cu-Ni ; AU ; 48 ; Luka78 ; 189 
 3006 ; 500 марок. Веймар ; 1923A ;  ; Al ; AU ; 51 ; Habar ; 169 
 3007 ; 200 марок. Веймар ; 1923A ;  ; Al ; AU ; 63 ; Slava28 ; 136 
 3008 ; 10 пфеннигов. Германия. Нотгельд. Кассель ; 1917 ;  ; Fe ; VF- ; 23 ; Юбер ; 120 
 3009 ; 10 пфеннигов. Германия. Нотгельд. Кассель ; 1919 ;  ; Fe ; VF ; 11 ; monetki ; 129 
 3010 ; 10 пфеннигов. Германия. Нотгельд. Бонн ; 1918 ;  ; Fe ; VF ; 20 ; badiba-coin ; 170 
 3011 ; 10 пфеннигов. Германия. Нотгельд. Бакнанг ; ND ;  ; Fe ; F-VF ; 21 ; ganza ; 153 
 3012 ; 10 пфеннигов. Германия. Нотгельд. Кобленц ; 1921 ;  ; Fe ; VF+ ; 27 ; ganza ; 187 
 3013 ; 5 пфеннигов. Германия. Нотгельд. Брауншвейг ; 1918 ;  ; Fe ; VF ; 9 ; ganza ; 161 
 3014 ; 5 пфеннигов. Германия. Нотгельд. Хам ; 1917 ;  ; Fe ; VF- ; 21 ; ganza ; 186 
 3015 ; 10 пфеннигов. Германия. Нотгельд. Динкельсбюль ; 1917 ;  ; Zn ; VF- ; 53 ; ganza ; 138 
 3016 ; 10 пфеннигов. Германия. Нотгельд. Хам ; 1917 ;  ; Zn ; F-VF ; 19 ; ganza ; 136 
 3017 ; 5 пфеннигов. Германия. Нотгельд. Хам ; 1917 ;  ; Zn ; F-VF ; 11 ; ganza ; 114 
 3018 ; 5 долларов. Либерия. 1 евро. С сертификатом ; 2003 ;  ; Cu-Ni ; AU ; 37 ; samuraika ; 364 
 3019 ; 50 вату. Вануату. 40 лет коронации Елизаветы II. С сертификатом ; 1993 ;  ; Ag ; Proof ; 49 ; SOS ; 987 
 3020 ; 50 пенсов. Фолклендские острова. 40 лет коронации Елизаветы II. С сертификатом ; 1993 ;  ; Ag ; Proof ; 19 ; Rickardo ; 896 
 3021 ; 5 лат. Латвия ; 1931 ;  ; Ag ; XF ; 79 ; Serg78 ; 894 
 3022 ; 2 кроны. Швеция ; 1939 ;  ; Ag ; VF-XF ; 86 ; trifons ; 758 
 3023 ; 1 крона. Швеция ; 1901 ;  ; Ag ; F-VF ; 50 ; MC17 ; 257 
 3024 ; 1 крона. Швеция ; 1940 ;  ; Ag ; VF ; 45 ; suhua ; 340 
 3025 ; 100 песо. Мексика ; 1977 ;  ; Ag ; AU ; 73 ; suhua ; 720 
 3026 ; 1 доллар. США. Морган ; 1921 ;  ; Ag ; AU ; 53 ; Сакович ; 2450 
 3027 ; 50 центов. Канада. 100 лет Конфедерации ; 1967 ;  ; Ag ; AU ; 82 ; Vibel ; 563 
 3028 ; Флорин. Австралия. 50 лет ; 1951 ;  ; Ag ; XF+ ; 25 ; morozik ; 406 
 3029 ; 3 пенса. Великобритания ; 1935 ;  ; Ag ; VF ; 17 ; Vibel ; 113 
 3030 ; 3 пенса. Великобритания ; 1936 ;  ; Ag ; VF-XF ; 21 ; Vibel ; 113 
 3031 ; 3 пенса. Великобритания ; 1934 ;  ; Ag ; VF ; 63 ; Vibel ; 113 
 3032 ; 10 центов. Канада ; 1959 ;  ; Ag ; VF ; 42 ; Vibel ; 81 
 3033 ; 25 сантимов. Венесуэла ; 1954 ;  ; Ag ; VF ; 35 ; ganza ; 184 
 3034 ; 5000 вон. Южная Корея. XXIV Олимпиада в Сеуле ; 1986 ;  ; Ag ; Proof-Like ; 47 ; fajyz ; 714 
 3035 ; 1 доллар. Новая Зеландия, Елизавета II. 25 лет со дня коронации ; 1978 ;  ; Cu/Ni ; AU ; 27 ; andorf ; 322 
 3036 ; 1 доллар. Новая Зеландия, Елизавета II ; 1979 ;  ; Cu/Ni ; AU ; 12 ; vc57 ; 134 
 3037 ; 1/2 кроны. Новая Зеландия, Георг VI ; 1948 ;  ; Cu/Ni ; VF ; 20 ; Сакович ; 305 
 3038 ; 50 центов. Австралия, Елизавета II. Миллениум ; 2000 ;  ; Cu/Ni ; XF ; 11 ; mamont ; 193 
 3039 ; 1 доллар. Канада, Елизавета II ; 1975 ;  ; Cu/Ni ; AU ; 36 ; molchun ; 155 
 3040 ; 50 центов. Новая Зеландия, Елизавета II. Корабль "Индевер" ; 1977 ;  ; Cu/Ni ; XF/AU ; 41 ; mamont ; 267 
 3041 ; 20 центов. Новая Зеландия, Елизавета II. Птица ; 1975 ;  ; Cu/Ni ; XF ; 34 ; aldor ; 79 
 3042 ; 50 тенге. Казахстан. Космический корабль "Восток" ; 2008 ;  ; Cu/Ni ; AU ; 32 ; Антон Семенович ; 96 
 3043 ; 1 доллар. США ; 1974 ;  ; Cu/Ni ; XF/AU ; 35 ; suhua ; 153 
 3044 ; 1/2 доллара. США ; 1989 ;  ; Cu/Ni ; XF+ ; 43 ; suhua ; 223 
 3045 ; 5 центов. США ; 1929 ;  ; Cu/Ni ; VF- ; 50 ; Сакович ; 125 
 3046 ; 5 центов. США ; 1976 ;  ; Cu/Ni ; AU ; 32 ; suhua ; 100 
 3047 ; 1 дайм. США ; 1976 ;  ; Cu/Ni ; AU ; 32 ; dbnfvby ; 108 
 3048 ; 1 цент. США ; 1976D ;  ; Cu/Zn ; AU ; 14 ; imi ; 15 
 3049 ; 10 пенсов. Тристан да Куна. Краб ; 2008 ;  ; Cu/Ni ; AU ; 71 ; hobot ; 306 
 3050 ; 1 шиллинг. Новая Зеландия, Георгий VI ; 1948 ;  ; Cu/Ni ; VF- ; 54 ; ИЮМов1 ; 363 
 2951 ; 5 пфеннигов. ГДР ; 1975А ;  ; Al ; AU ; 28 ; lessnoy ; 30 
 2952 ; 1 пфенниг. ГДР ; 1953Е ;  ; Al ; AU ; 14 ; Doca ; 31 
 2953 ; 1 пфенниг. ГДР ; 1980А ;  ; Al ; XF ; 11 ; 7752157 ; 11 
 2954 ; 1 пфенниг. ГДР ; 1963А ;  ; Al ; AU ; 12 ; Slava28 ; 12 
 2955 ; 1 пфенниг. ГДР ; 1968А ;  ; Al ; AU ; 14 ; lessnoy ; 14 
 2956 ; 100 франков. Саарленд ; 1955 ;  ; Cu/Ni ; XF ; 66 ; badiba-coin ; 276 
 2957 ; 50 франков. Саарленд ; 1954 ;  ; Al/Br ; VF-XF ; 36 ; дед морос ; 359 
 2958 ; 20 франков. Саарленд ; 1954 ;  ; Al/Br ; VF-XF ; 28 ; murew ; 121 
 2959 ; 10 франков. Саарленд ; 1954 ;  ; Al/Br ; XF+ ; 26 ; murew ; 137 
 2960 ; 1 хеллер. Немецкая Ост Африка ; 1913J ;  ; Cu ; F-VF ; 17 ; №18 ; 206 
 2961 ; 1 хеллер. Немецкая Ост Африка ; 1913А ;  ; Cu ; F-VF ; 28 ; №18 ; 206 
 2962 ; 250 вон. Северная Корея. Олимпиада Сидней ; 1997 ;  ; Ag ; Proof ; 41 ; ramik321 ; 972 
 2963 ; 25 долларов. Белиз. XXV Олимпиада ; 1992 ;  ; Ag ; Proof ; 62 ; olvl_78 ; 847 
 2964 ; 250 руфий. Мальдивы. Олимпийские игры ; 1993 ;  ; Ag ; Proof ; 58 ; SOS ; 879 
 2965 ; 10000 лир. Сан-Марино. Америго Веспуччи ; 1995 ;  ; Ag ; Proof ; 62 ; kaa123 ; 1463 
 2966 ; 1 доллар. Канада. Корабль "Грифон" ; 1979 ;  ; Ag ; AU ; 32 ; Артемыч ; 1027 
 2967 ; 1 доллар. Канада. Ванкувер ; 1986 ;  ; Ag ; Proof ; 39 ; PRIM2010 ; 674 
 2968 ; 1 доллар. Канада. Универсиада. Эдмонтон ; 1983 ;  ; Ag ; Proof ; 37 ; semenich52 ; 846 
 2969 ; 20 долларов. Канада. Авиация ; 1991 ;  ; Ag ; Proof ; 68 ; He-111 ; 1134 
 2970 ; 1 соль. Перу ; 1915 ;  ; Ag ; VF-XF ; 125 ; NatanZig ; 827 
 2971 ; 1 бальбоа. Панама. Олимпиада. Лыжи ; 1988 ;  ; Ag ; Proof ; 81 ; Rickardo ; 809 
 2972 ; 2-1/2 гульдена. Нидерланды ; 1960 ;  ; Ag ; XF/AU ; 28 ; Буратино ; 437 
 2973 ; 100 песо. Мексика ; 1978 ;  ; Ag ; AU ; 47 ; S1952 ; 491 
 2974 ; 1 бальбоа. Панама. Олимпиада. Биатлон ; 1988 ;  ; Ag ; Proof ; 50 ; ramik321 ; 786 
 2975 ; 1 флорин. Австрия ; 1879 ;  ; Ag ; VF+ ; 71 ; Suvorov54 ; 724 
 2976 ; 1 флорин. Австрия ; 1861 ;  ; Ag ; VF+ ; 58 ; Serg78 ; 806 
 2977 ; 5 долларов. Кирибати. Открытие Кирибати ; 1996 ;  ; Ag ; Proof ; 62 ; andorf ; 1326 
 2978 ; 2 франка. Франция ; 1918 ;  ; Ag ; AU ; 40 ; Dbrnjh ; 467 
 2979 ; 1/2 кроны. Великобритания ; 1945 ;  ; Ag ; AU ; 121 ; Буратино ; 733 
 2980 ; 10 крон. Чехословакия. 1100 лет Великой Моравии ; 1966 ;  ; Ag ; XF/AU ; 49 ; ВМШ ; 824 
 2981 ; 1 доллар. США. Морган ; 1889 ;  ; Ag ; AU ; 34 ; odessa91 ; 1813 
 2982 ; 10 марок. ГДР. 100 лет со дня рождения Кетти Кольвитц ; 1967 ;  ; Ag ; AU ; 51 ; Koffit ; 1334 
 2983 ; 10 марок. ГДР. 500 длет со дня смерти Иоганна Гутенберга ; 1968 ;  ; Ag ; AU ; 11 ; Koresh ; 1190 
 2984 ; 10 марок. ГДР. Бетховен ; 1970 ;  ; Ag ; AU ; 27 ; alex69ae ; 1333 
 2985 ; 5 марок. ГДР. 200 лет со дня рождения Фридриха Фробеля ; 1982 ;  ; Cu-Ni ; AU ; 62 ; DM2713 ; 910 
 2986 ; 10 марок. ФРГ. 750 лет Берлину ; 1987J ;  ; Ag ; XF+ ; 26 ; murew ; 404 
 2987 ; 5 марок. ФРГ. Год защиты европейских памятников ; 1975F ;  ; Ag ; AU ; 49 ; Lunatik ; 236 
 2988 ; 5 марок. ФРГ. Карл Фридрих Гаусс ; 1977J ;  ; Ag ; Proof ; 15 ; monetki ; 280 
 2989 ; 10 евро. ФРГ. Юстус Либих ; 2003J ;  ; Ag ; AU ; 59 ; Vibel ; 781 
 2990 ; 10 евро. ФРГ. Народные восстания 17 июня ; 2003J ;  ; Ag ; AU ; 111 ; Сакович ; 601 
 2991 ; 5 франков. Швейцария ; 1932 ;  ; Ag ; VF ; 24 ; Luka78 ; 459 
 2992 ; 10 малоти. Лесото. Чемпионат мира по футболу ; 1982 ;  ; Ag ; Proof ; 30 ; ramik321 ; 918 
 2993 ; 1 шиллинг. Великобритания ; 1944 ;  ; Ag ; VF ; 35 ; Luka78 ; 319 
 2994 ; 100 йен. Япония ; 1957 ;  ; Ag ; VF ; 9 ; Lobster76 ; 272 
 2995 ; 3 пенса. Великобритания ; 1932 ;  ; Ag ; VF ; 24 ; Luka78 ; 116 
 2996 ; 3 пенса. Великобритания ; 1937 ;  ; Ag ; XF- ; 18 ; Rickardo ; 117 
 2997 ; 3 пенса. Великобритания ; 1936 ;  ; Ag ; VF+ ; 40 ; Luka78 ; 117 
 2998 ; 200 форинтов. Венгрия. Олимпиада ; 1980 ;  ; Ag ; Proof ; 53 ; Vibel ; 897 
 2999 ; 50 центов. Австралия. Новый Южный Уэльс ; 2001 ;  ; Cu-Ni ; VF ; 47 ; vc57 ; 165 
 3000 ; 50 центов. Австралия. Виктория ; 2001 ;  ; Cu-Ni ; VF- ; 59 ; vc57 ; 166 
 2901 ; 1 марка. Германия ; 1896A ;  ; Ag ; AU ; 69 ; 525 ; 1676 
 2902 ; 1 марка. Германия ; 1909A ;  ; Ag ; AU ; 39 ; Василевс ; 532 
 2903 ; 1 марка. Германия ; 1915J ;  ; Ag ; AU ; 43 ; Василевс ; 616 
 2904 ; 1 гротен. Бремен ; 1755 ;  ; Ag ; F+ ; 29 ; Leon17 ; 303 
 2905 ; 1 гротен. Бремен ; 1840 ;  ; Ag ; F-VF ; 22 ; jj ; 239 
 2906 ; 5 лат. Латвия ; 1931 ;  ; Ag ; XF+ ; 32 ; Slava28 ; 744 
 2907 ; 5 лат. Латвия ; 1929 ;  ; Ag ; XF/AU ; 13 ; kirkar ; 918 
 2908 ; 1 доллар. США ; 1882 ;  ; Ag ; XF+ ; 30 ; Сакович ; 1527 
 2909 ; 1 доллар. США ; 1885 ;  ; Ag ; AU ; 26 ; Sky2 ; 1527 
 2910 ; 1 доллар. США ; 1888 ;  ; Ag ; AU ; 38 ; Сакович ; 1833 
 2911 ; 1 доллар. США ; 1891 ;  ; Ag ; XF ; 62 ; Sky2 ; 1622 
 2912 ; 1 доллар. США ; 1896 ;  ; Ag ; AU ; 31 ; iaiaia ; 1593 
 2913 ; 20 марок. ГДР. 150 лет со дня рождения Вильгельма Либкнехта ; 1976 ;  ; Ag ; AU ; 25 ; дед морос ; 1866 
 2914 ; 20 марок. ГДР. 125 лет со дня смерти Эрнста Арндта ; 1985А ;  ; Ag ; AU ; 27 ; DM2713 ; 2739 
 2915 ; 20 марок. ГДР. 75 лет со дня смерти Эрнста Аббе ; 1980 ;  ; Ag ; AU ; 29 ; DM2713 ; 2233 
 2916 ; 20 марок. ГДР. 150 лет со дня смерти фон Штейна ; 1981 ;  ; Ag ; AU ; 23 ; дед морос ; 2130 
 2917 ; 20 марок. ГДР. Бранденбургские ворота ; 1990А ;  ; Ag ; AU ; 56 ; М662 ; 701 
 2918 ; 10 марок. ГДР. 100 лет со дня смерти Рихарда Вагнера ; 1983 ;  ; Ag ; Proof ; 20 ; vicnic ; 1650 
 2919 ; 10 марок. ГДР. 500 лет со дня смерти Гутенберга ; 1968 ;  ; Ag ; AU ; 6 ; wolikaz ; 1032 
 2920 ; 20 марок. ГДР. 100 лет со дня рождения Генриха Манна ; 1971 ;  ; Cu/Ni ; AU ; 39 ; Rober ; 132 
 2921 ; 20 марок. ГДР. 85 лет со дня рождения Эрнста Тельманна ; 1971А ;  ; Cu/Ni ; AU ; 20 ; fokin ; 123 
 2922 ; 20 марок. ГДР. 85 лет со дня рождения Эрнста Тельманна ; 1971А ;  ; Cu/Ni ; AU ; 21 ; Юбер ; 125 
 2923 ; 20 марок. ГДР. Вильгельм Пик ; 1972А ;  ; Cu/Ni ; AU ; 9 ; Vibel ; 113 
 2924 ; 20 марок. ГДР. Вильгельм Пик ; 1972А ;  ; Cu/Ni ; AU ; 13 ; Юбер ; 145 
 2925 ; 20 марок. ГДР. Фридрих Шиллер ; 1972А ;  ; Cu/Ni ; AU ; 23 ; М662 ; 151 
 2926 ; 20 марок. ГДР. Фридрих Шиллер ; 1972А ;  ; Cu/Ni ; AU ; 19 ; vc57 ; 157 
 2927 ; 20 марок. ГДР. Отто Гротеволь ; 1973А ;  ; Cu/Ni ; AU ; 10 ; Vibel ; 137 
 2928 ; 20 марок. ГДР. Бранденбургские ворота ; 1990А ;  ; Cu/Ni ; AU ; 17 ; vol ; 118 
 2929 ; 20 марок. ГДР. Бранденбургские ворота ; 1990А ;  ; Cu/Ni ; AU ; 8 ; alskr ; 107 
 2930 ; 10 марок. ГДР. Бухенвальд ; 1972А ;  ; Cu/Ni ; XF+ ; 13 ; Опятор ; 110 
 2931 ; 10 марок. ГДР. Бухенвальд ; 1972А ;  ; Cu/Ni ; AU ; 4 ; obr73 ; 150 
 2932 ; 10 марок. ГДР. 25 лет ГДР ; 1974А ;  ; Cu/Ni ; AU ; 10 ; Rober ; 113 
 2933 ; 10 марок. ГДР. 25 лет ГДР ; 1974А ;  ; Cu/Ni ; AU ; 9 ; Rober ; 110 
 2934 ; 10 марок. ГДР. Фестиваль молодежи и студентов Берлине ; 1973А ;  ; Cu/Ni ; AU ; 11 ; Vibel ; 101 
 2935 ; 10 марок. ГДР. Фестиваль молодежи и студентов Берлине ; 1973А ;  ; Cu/Ni ; AU ; 11 ; Vibel ; 101 
 2936 ; 10 марок. ГДР. 20 лет Варшавскому договору ; 1975А ;  ; Cu/Ni ; AU ; 3 ; krugerrand ; 153 
 2937 ; 10 марок. ГДР. 20 лет национальной народной армии ; 1976А ;  ; Cu/Ni ; AU ; 32 ; Rober ; 153 
 2938 ; 10 марок. ГДР. 30 лет милиции ; 1983А ;  ; Cu/Ni ; AU ; 25 ; alskr ; 153 
 2939 ; 5 марок. ГДР. 20 лет ГДР ; 1969 ;  ; Ni/Br ; AU ; 4 ; Vibel ; 68 
 2940 ; 5 марок. ГДР. Мейсен ; 1972А ;  ; Cu/Ni ; AU ; 32 ; М662 ; 143 
 2941 ; 5 марок. ГДР. Вильгельм Конрад Рентген ; 1970 ;  ; Cu/Ni ; AU ; 41 ; ZOLTAN333 ; 594 
 2942 ; 5 марок. ГДР. 75 лет со дня смерти Иоганна Брамса ; 1972 ;  ; Cu/Ni ; AU ; 36 ; salim ; 493 
 2943 ; 5 марок. ГДР. 125 лет со дня рождения Отто Лилиенталя ; 1973 ;  ; Cu/Ni ; AU ; 43 ; vol ; 626 
 2944 ; 2 марки. ГДР ; 1975А ;  ; Al ; AU ; 48 ; Vibel ; 101 
 2945 ; 1 марка. ГДР ; 1956А ;  ; Al ; VF-XF ; 16 ; kozerog ; 22 
 2946 ; 1 марка. ГДР ; 1962А ;  ; Al ; XF- ; 29 ; Doca ; 28 
 2947 ; 1 марка. ГДР ; 1972А ;  ; Al ; AU ; 21 ; PaulMS ; 36 
 2948 ; 50 пфеннигов. ГДР ; 1950А ;  ; Al/Br ; XF ; 27 ; Doca ; 69 
 2949 ; 50 пфеннигов. ГДР ; 1971А ;  ; Al ; AU ; 21 ; kozerog ; 21 
 2950 ; 20 пфеннигов. ГДР ; 1984А ;  ; Латунь ; AU/XF- ; 17 ; kozerog ; 16 
 1887 ; Лот монет Банка России (5шт): 10 рублей (Республика Адыгея, Республика Калмыкия, Республика Коми, Кировская обл, Великий Новгород) ; 2009 СПМД ;  ; Би/м ; XF+/AU ; 41 ; shneyder ; 150 
 1888 ; Лот монет Банка России (5шт): 10 рублей (Республика Адыгея, Республика Калмыкия, Республика Коми, Кировская обл, Великий Новгород) ; 2009 СПМД ;  ; Би/м ; XF+/AU ; 35 ; Vibel ; 131 
 1889 ; Лот жетонов Московского метрополитена (17шт) ;  ;  ; Ж/м ; XF/AU ; 31 ; Petch ; 43 
 1890 ; Лот жетонов: 4шт ;  ;  ; Al,Ж/м ; XF-/AU ; 35 ; Petch ; 71 
 2855 ; 50 франков. Франция. М-16,12г ; 1867А ;  ; Au ; XF+ ; 14 ; игмар ; 23362 
 2856 ; 20 франков. Франция. М-6,38г ; 1808А ;  ; Au ; VF ; 16 ; toto ; 9487 
 2857 ; 20 франков. Франция. М-6,44г ; 1910 ;  ; Au ; AU ; 106 ; dyb ; 10200 
 2858 ; 10 франков. Франция. М-3,22г ; 1899А ;  ; Au ; XF/AU ; 35 ; dyb ; 5960 
 2859 ; 4 эскудо. Испания. М-12,07г ; 1794 ;  ; Au ; VF+ ; 63 ; игмар ; 18834 
 2860 ; 10 гульденов. Нидерланды. М-6,7г ; 1876 ;  ; Au ; AU ; 50 ; игмар ; 10202 
 2861 ; 10 крон. Дания. М-4,48г ; 1913 ;  ; Au ; XF/AU ; 22 ; dyb ; 6834 
 2862 ; 10000 драм. Армения. Козерог. М-8,6г ; 2008 ;  ; Au ; Proof ; 83 ; игмар ; 10208 
 2863 ; 100 долларов. Тринидад и Тобаго. М-6,21г. В конверте, упаковка ; 1976 ;  ; Au ; Proof ; 31 ; игмар ; 7460 
 2864 ; 100 долларов. Канада. Гренландский кит. М-13,33г. В коробке (книжка) ; 1988 ;  ; Au ; Proof ; 50 ; al69 ; 14790 
 2865 ; 1 марка. Финляндия. Последняя марка. В подарочной коробке, с сертификатом. М-8,60гр ; 2001 ;  ; Au ; Proof ; 122 ; dsp ; 12861 
 2866 ; Талер. Юлих-Берг ; 1771 ;  ; Ag ; VF ; 159 ; kazak-don ; 9973 
 2867 ; Талер. Пруссия. В честь победы над Францией ; 1871A ;  ; Ag ; VF+ ; 94 ; dbnfvby ; 1530 
 2868 ; 1/24 талера. Германия, Ганновер, Эрнст Август (1837-1851) ; 1845В ;  ; Ag ; F-VF ; 21 ; jj ; 236 
 2869 ; 5 марок. Пруссия ; 1876C ;  ; Ag ; F+ ; 75 ; fillin ; 799 
 2870 ; 5 марок. Вюртемберг ; 1913F ;  ; Ag ; VF+/XF- ; 48 ; GLLS ; 1504 
 2871 ; 3 марки. Гамбург ; 1909J ;  ; Ag ; VF-XF ; 69 ; trifons ; 1224 
 2872 ; 3 марки. Пруссия. 100 лет разгрома Наполеона ; 1913 ;  ; Ag ; XF- ; 43 ; ну очень недорого ; 950 
 2873 ; 3 марки. Вюртемберг ; 1914F ;  ; Ag ; AU/XF ; 80 ; trifons ; 1249 
 2874 ; 2 марки. Пруссия. 200 лет королевству ; 1901 ;  ; Ag ; AU/Unc ; 46 ; serg2010 ; 1689 
 2875 ; 2 марки. Пруссия ; 1902А ;  ; Ag ; VF- ; 37 ; FEDOTOV1920 ; 705 
 2876 ; 2 марки. Баден. На золотую свадьбу ; 1906 ;  ; Ag ; AU ; 28 ; trifons ; 2393 
 2877 ; 2 марки. Пруссия. 100 лет разгрома Наполеона ; 1913 ;  ; Ag ; VF-XF ; 63 ; Habar ; 944 
 2878 ; 2 марки. Веймар ; 1926А ;  ; Ag ; VF ; 32 ; elltor ; 1143 
 2879 ; 2 марки. Германия. 450 лет со дня рождения Мартина Лютера ; 1933А ;  ; Ag ; VF-XF ; 49 ; }|{ивотное ; 1353 
 2880 ; 2 марки. Германия. Пауль фон Гинденбург ; 1937A ;  ; Ag ; VF-XF ; 27 ; Vibel ; 221 
 2881 ; 2 марки. Германия. Пауль фон Гинденбург ; 1937A ;  ; Ag ; VF-XF ; 27 ; валери ; 225 
 2882 ; 2 марки. Германия. Пауль фон Гинденбург ; 1937A ;  ; Ag ; VF-XF ; 23 ; валери ; 225 
 2883 ; 2 марки. Германия. Пауль фон Гинденбург ; 1937A ;  ; Ag ; VF-XF ; 32 ; Юбер ; 241 
 2884 ; 2 марки. Германия. Пауль фон Гинденбург ; 1937D ;  ; Ag ; VF-XF ; 27 ; Юбер ; 225 
 2885 ; 2 марки. Германия. Пауль фон Гинденбург ; 1937E ;  ; Ag ; VF-XF ; 27 ; twister174 ; 235 
 2886 ; 2 марки. Германия. Пауль фон Гинденбург ; 1937F ;  ; Ag ; VF+ ; 28 ; twister174 ; 234 
 2887 ; 2 марки. Германия. Пауль фон Гинденбург ; 1938A ;  ; Ag ; VF-XF ; 26 ; валери ; 224 
 2888 ; 2 марки. Германия. Пауль фон Гинденбург ; 1938A ;  ; Ag ; VF-XF ; 21 ; валери ; 225 
 2889 ; 2 марки. Германия. Пауль фон Гинденбург ; 1938B ;  ; Ag ; XF+ ; 40 ; Mart_11 ; 229 
 2890 ; 2 марки. Германия. Пауль фон Гинденбург ; 1938B ;  ; Ag ; VF-XF ; 20 ; валери ; 225 
 2891 ; 2 марки. Германия. Пауль фон Гинденбург ; 1938D ;  ; Ag ; VF+ ; 19 ; №18 ; 212 
 2892 ; 2 марки. Германия. Пауль фон Гинденбург ; 1938E ;  ; Ag ; VF-XF ; 17 ; валери ; 225 
 2893 ; 2 марки. Германия. Пауль фон Гинденбург ; 1938F ;  ; Ag ; VF-XF ; 21 ; валери ; 225 
 2894 ; 2 марки. Германия. Пауль фон Гинденбург ; 1939A ;  ; Ag ; XF ; 32 ; Mart_11 ; 225 
 2895 ; 2 марки. Германия. Пауль фон Гинденбург ; 1939A ;  ; Ag ; XF- ; 27 ; валери ; 225 
 2896 ; 2 марки. Германия. Пауль фон Гинденбург ; 1939A ;  ; Ag ; VF-XF ; 26 ; twister174 ; 235 
 2897 ; 2 марки. Германия. Пауль фон Гинденбург ; 1939A ;  ; Ag ; VF-XF ; 15 ; №18 ; 209 
 2898 ; 2 марки. Германия. Пауль фон Гинденбург ; 1939A ;  ; Ag ; VF-XF ; 45 ; Юбер ; 225 
 2899 ; 2 марки. Германия. Пауль фон Гинденбург ; 1939D ;  ; Ag ; VF-XF ; 13 ; №18 ; 209 
 2900 ; 2 марки. Германия. Пауль фон Гинденбург ; 1939F ;  ; Ag ; VF-XF ; 15 ; валери ; 217 
 1837 ; Лот монет СССР: 15 коп (15шт) ; 1961-1991 ;  ; Cu-Ni ; VF/VF-XF ; 10 ; foxraptor ; 10 
 1838 ; Лот монет СССР: 15 коп (15шт) ; 1961-1991 ;  ; Cu-Ni ; VF-/XF- ; 4 ; Petch ; 5 
 1839 ; Лот монет СССР: 15 коп (15шт) ; 1961-1991 ;  ; Cu-Ni ; VF-/VF+ ; 2 ; Petch ; 3 
 1840 ; Лот монет СССР: 15 коп (15шт) ; 1961-1991 ;  ; Cu-Ni ; VF-/VF+ ; 2 ; Petch ; 3 
 1841 ; Лот монет СССР: 10 коп (15шт) ; 1961-1986 ;  ; Cu-Ni ; VF-/VF-XF ; 7 ; Petch ; 6 
 1842 ; Лот монет СССР: 10 коп (15шт) ; 1961-1990 ;  ; Cu-Ni ; VF-/XF- ; 2 ; Petch ; 3 
 1843 ; Лот монет СССР: 10 коп (15шт) ; 1961-1989 ;  ; Cu-Ni ; VF-/VF+ ; 2 ; Petch ; 3 
 1844 ; Лот монет СССР: 10 коп (15шт) ; 1961-1989 ;  ; Cu-Ni ; VF-/XF- ; 2 ; Petch ; 3 
 1845 ; Лот монет СССР: 10 коп (15шт) ; 1961-1988 ;  ; Cu-Ni ; VF-/VF-XF ; 6 ; кабачок ; 7 
 1846 ; Лот монет СССР: 1 коп (27шт) ; 1949-1990 ;  ; Cu-Zn,Br ; VF-/XF ; 18 ; Ybrjkfif ; 101 
 1847 ; Лот монет СССР и Банка России: 100,10 рублей (2шт) ; 1991,1993 ;  ; Cu-Ni,Би/м ; AU ; 12 ; alex995 ; 17 
 1848 ; Лот монет СССР (10шт): 100р ; 1993 ;  ; Cu/Ni ; XF/AU ; 44 ; Serg7921 ; 51 
 1849 ; Лот монет Банка России: 100,50 рублей (2шт1) ; 1993 ;  ; Cu-Zn,Cu-NI ; AU ; 14 ; topzol ; 31 
 1850 ; Лот монет Банка России: 100,50,20,10,5,1 руб (6шт) ; 1992 ;  ; Би/м,Cu-Ni,Fe/B ; AU ; 29 ; topzol ; 72 
 1851 ; Лот монет Банка России и СССР: 100,50,20,10,5,1 руб, 50,10,5,2,1 коп (30шт) ; 1961-1993 ;  ; Cu-Ni,Cu-Zn,Би/ ; F+/XF+ ; 8 ; сортам70 ; 67 
 1852 ; Лот монет Банка России: 100,50,20,10,5,1 руб (6шт) ; 1992 ;  ; Би/м,Cu-Ni,Fe/B ; AU ; 7 ; Моряк-собиратель ; 51 
 1853 ; Лот монет СССР (12шт): 50 р ; 1992 ;  ; Би/м ; XF/AU ; 23 ; He-111 ; 23 
 1854 ; Лот монет Банка России (25шт): 10р,5р,1р,50к10к ; 1991 ;  ; Би/м,Cu/Ni,Fe/B ; VF-XF/AU ; 42 ; imi ; 48 
 1855 ; Набор монет+ 10р 55 лет победы в ВОВ (8шт) ; 2000 ; Города-герои. (7 монет по 2 руб) ; Би/м,Cu/Ni ; XF/AU ; 42 ; yuri.gruzdev ; 211 
 1856 ; Лот монет Банка России (7шт): 2 рубля. Города-герои ; 2000 ;  ; Cu-Ni ; XF-/XF ; 32 ; Sergant ; 143 
 1857 ; Лот монет Банка России (города-герои  и 55 лет победы): 2,10 рублей (8шт) ; 2000 ;  ; Би/м,Cu-Ni ; XF-/XF ; 19 ; Smit ; 134 
 1858 ; Лот монет Банка России (6шт): 2р,1р+2р. Гагарин ; 1999,2001 ;  ; Cu-Ni ; XF-/XF ; 2 ; imi ; 62 
 1859 ; Лот монет Банка России (Пушкин): 1 рубль (3шт) ; 1999ММД ;  ; Cu-Ni ; AU ; 41 ; Geoid ; 451 
 1860 ; Лот монет Банка России (Пушкин, 10 лет СНГ, Гагарин): 2,1 руб (3шт) ; 1999,2001 ;  ; Cu-Ni ; XF/XF+ ; 20 ; grisha2401 ; 124 
 1861 ; Лот монет Банка России (14шт): 2р,1р+2р. Гагарин ; 1999,2001 ;  ; Cu-Ni ; XF-/XF+ ; 3 ; Vinn67 ; 74 
 1862 ; Лот монет Банка России (7шт): 10 рублей. Министерства ; 2002 ;  ; Би/м ; AU ; 29 ; NSN ; 357 
 1863 ; Лот монет Банка России (Министерства): 10 рублей (7шт) ; 2002 ;  ; Би/м ; XF-/XF ; 29 ; NSN ; 327 
 1864 ; Лот монет Банка России (3шт): 10 рублей (Соликамск, Елец, Белгород) ; 2011 ;  ; Би/м, латунь ; AU ; 30 ; Skif151 ; 1000 
 1865 ; Лот монет Банка России (Древние города и РФ): 10 рублей (7шт) ; 2002-2009 ;  ; Би/м ; XF-/XF+ ; 44 ; jimmysu ; 206 
 1866 ; Лот монет Банка России (2шт): 10 рублей. 60 лет победы ; 2005СПМД,ММД ;  ; Би/м ; XF/XF+ ; 1 ; Vinn67 ; 22 
 1867 ; Лот монет Банка России: 10 рублей ( Чеченская Республика, Ямало-Ненецкий АО, Соликамск, Елец) 4шт ; 2010-2011СПМД ;  ; Би/м ; AU ; 54 ; sergey8 ; 2601 
 1868 ; Лот монет Банка России: 10 рублей ( Чеченская Республика, Ямало-Ненецкий АО) 2шт ; 2010СПМД ;  ; Би/м ; AU ; 77 ; alz08 ; 2805 
 1869 ; Лот монет Банка России: 10 рублей ( Чеченская Республика, Ненецкий АО, Перепись населния) 3шт ; 2010СПМД ;  ; Би/м ; AU ; 87 ; alex1974 ; 2109 
 1870 ; Лот монет Банка России: 10 рублей ( Казань, Гдов, Дмитров) 3шт ; 2004,2005,2007СПМД ;  ; Би/м ; XF+/AU ; 29 ; jimmysu ; 104 
 1871 ; Лот монет Банка России: 10 рублей (Белгород, Соликамск, Елец) 3шт ; 2011СПМД ;  ; Би/м,Латунь ; AU ; 56 ; irusya ; 867 
 1872 ; Лот монет Банка России: 10 рублей (Белгород, Соликамск, Елец) 3шт ; 2011СПМД ;  ; Би/м,Латунь ; AU ; 117 ; маркел ; 960 
 1873 ; Лот монет Банка России: 10 рублей (Белгород, Соликамск, Елец) 3шт ; 2011СПМД ;  ; Би/м,Латунь ; AU ; 84 ; Питер ; 1019 
 1874 ; Лот монет Банка России (4шт): 10 рублей (Калуга, Приморский край, Республика Хакасия, Республика Коми) ; 2006, 2007 2009 ;  ; Би/м ; AU ; 14 ; hemiechinus ; 122 
 1875 ; Лот монет Банка России (3шт): 10 рублей. Брянск, Юрьевец, Перепись населения ; 2010 ;  ; Би/м ; AU ; 21 ; keha74 ; 101 
 1876 ; Лот монет Банка России (Гагарин, Читинская обл, Республика Коми, 65 лет победы): 10,2 рубля (4шт) ; 2001-2010 ;  ; Би/м,Cu-Ni,St/Л ; XF-/AU ; 40 ; hemiechinus ; 122 
 1877 ; Лот монет Банка России (25шт): 10 рублей (Ненецкий АО, Еврейская АО, Респ-ки: Калмыкия, Хакасия, Адыгея, Кабардино-Балкарская, Удмуртская, Татарстан, Области: Архангельская, Орловская, Кировская, Ростовская, Сахалинская, Липецкая, Брянск, Юрьевец, Приозе) ; 2001-2010 ;  ; Би/м ; XF/AU ; 15 ; Maks777 ; 765 
 1878 ; Лот монет Банка России "Древние города"(2шт): 10 рублей (Юрьевец, Ненецкий АО) ; 2010 СПМД ;  ; Би/м ; AU ; 45 ; is54 ; 113 
 1879 ; Лот монет Банка России "Древние города"(2шт): 10 рублей (Юрьевец, Ненецкий АО) ; 2010 СПМД ;  ; Би/м ; AU ; 13 ; Serg7921 ; 92 
 1880 ; Лот монет Банка России "Древние города"(3шт): 10 рублей (Юрьевец, Ненецкий АО, Персмкий край) ; 2010 СПМД ;  ; Би/м ; AU ; 76 ; aleks.kss ; 740 
 1881 ; Лот монет Банка России "Древние города"(3шт): 10 рублей (Азов, Юрьевец, Великий Новгород) ; 2008, 2009, 2010 (СПМД) ;  ; Би/м ; AU ; 31 ; alex1974 ; 73 
 1882 ; Лот монет Банка России "Древние города"(3шт): 10 рублей (Азов, Юрьевец, Великий Новгород) ; 2008, 2009, 2010 (СПМД) ;  ; Би/м ; AU ; 18 ; keha74 ; 75 
 1883 ; Лот монет Банка России "Древние города"(3шт): 10 рублей (Азов, Юрьевец, Великий Новгород) ; 2008, 2009, 2010 (СПМД) ;  ; Би/м ; AU ; 17 ; keha74 ; 69 
 1884 ; Лот монет Банка России (3шт): 10 рублей (Юрьевец, Ненецкий АО, Перепись населения) ; 2010 СПМД ;  ; Би/м ; AU ; 33 ; Питер ; 153 
 1885 ; Лот монет Банка России (3шт): 10 рублей (Юрьевец, Ненецкий АО, Перепись населения) ; 2010 СПМД ;  ; Би/м ; AU ; 34 ; сортам70 ; 146 
 1886 ; Лот монет Банка России (3шт): 10 рублей (Юрьевец, Ненецкий АО, Перепись населения) ; 2010 СПМД ;  ; Би/м ; AU ; 37 ; Vibel ; 156 
 1787 ; 5 рублей ; 1991 ; Комплект "Красная книга СССР" (2 монеты) ; биметалл ; XF/AU ; 60 ; molchun ; 404 
 1788 ; Лот монет СССР (8шт): 20 копеек ; 1922-1929 ;  ; Ag ; VF-/VF+ ; 34 ; Poiuyt ; 448 
 1789 ; Лот монет СССР (5шт): 10 копеек ; 1922-1928 ;  ; Ag ; VF+/F-VF ; 18 ; Vibel ; 285 
 1790 ; Лот монет СССР (3шт): 5к,1к, 1/2к ; 1924,1925 ;  ; Cu ; F-VF ; 45 ; Олег33 ; 361 
 1791 ; Лот монет СССР: 5,3,2,1 коп (4шт) ; 1924 ;  ; Cu ; F/F-VF ; 41 ; kolhis ; 204 
 1792 ; Лот монет СССР: 5,1 коп (2шт) ; 1924 ;  ; Cu ; F+/F-VF ; 40 ; Сакович ; 167 
 1793 ; Лот монет СССР: 50 копеек (4шт) ; 1964-1983 ;  ; Cu-Ni ; F-VF/VF-XF ; 27 ; foxraptor ; 78 
 1794 ; Лот монет СССР: 20 коп (6шт) ; 1946-1954 ;  ; Ni ; VF+/XF+ ; 26 ; Vibel ; 326 
 1795 ; Лот монет СССР: 15 коп (9шт) ; 1946-1957 ;  ; Ni ; VF/XF ; 89 ; Vibel ; 435 
 1796 ; Лот монет СССР (7шт): 10 копеек ; 1932-1957 ;  ; Ni ; VF-/VF+ ; 69 ; Al0851 ; 590 
 1797 ; Лот монет СССР (7шт): 20 копеек ; 1931-1946 ;  ; Ni ; VF-/VF+ ; 45 ; ssstri ; 221 
 1798 ; Лот монет СССР: 10,3 коп (4шт) ; 1931-1955 ;  ; Ni,Br ; F-VF/VF- ; 37 ; shknikolay ; 101 
 1799 ; Лот монет СССР (8шт): 3 копейки ; 1926-1943 ;  ; Br ; VF-/VF+ ; 80 ; Vibel ; 344 
 1800 ; Лот монет СССР: 5 коп (7шт) ; 1961-1977 ;  ; Cu-Zn ; VF-/VF+ ; 33 ; jagger ; 255 
 1801 ; Лот монет СССР: 5 коп (8шт) ; 1985-1991 ;  ; Cu-Zn ; VF/VF+ ; 7 ; Моряк-собиратель ; 67 
 1802 ; Лот монет СССР: 3 коп, 2 коп (12шт) ; 1930-1957 ;  ; Br ; F/F-VF ; 29 ; Vibel ; 212 
 1803 ; Лот монет СССР: 1 коп (7шт) ; 1986-1991 ;  ; Cu-Zn ; AU ; 12 ; 439 ; 13 
 1804 ; Лот монет СССР: 20,15,10 коп (3шт) ; 1923-1929 ;  ; Ag ; VF ; 50 ; keha74 ; 143 
 1805 ; Лот монет СССР: 3 копейки (4шт) ; 1971-1989 ;  ; Cu-Zn ; VF/XF ; 9 ; кабачок ; 10 
 1806 ; Лот монет СССР (5шт): 2 копейки ; 1926-1949 ;  ; Br ; VF-/VF+ ; 96 ; Vibel ; 182 
 1807 ; Лот монет СССР: 5 копеек (8шт) ; 1961-1991 ;  ; Cu-Zn ; VF-/XF- ; 21 ; Petch ; 20 
 1808 ; Лот монет СССР: 2 коп (20шт) ; 1971-1991 ;  ; Cu-Zn ; VF-/AU ; 4 ; 555650 ; 51 
 1809 ; Лот монет СССР: 10,5,1 руб, 50,10 коп (5шт) ; 1991 ;  ; Би/м,Cu-Ni,St ; AU ; 15 ; topzol ; 40 
 1810 ; Лот монет СССР: 5 коп (7шт) ; 1978-1984 ;  ; Cu-Zn ; VF/VF+ ; 15 ; кабачок ; 16 
 1811 ; Лот монет СССР: 3 коп (12шт) ; 1931-1957 ;  ; Br ; F+/VF+ ; 3 ; alz08 ; 55 
 1812 ; Лот монет СССР (9шт): 1 копейка ; 1967-1989 ;  ; Cu/Zn ; VF-/VF+ ; 10 ; kosiak90 ; 11 
 1813 ; Лот монет СССР: 1 рубль, 50,20,15,10,5,3,2,1 коп (9шт) + жетон ; 1990 ;  ; Cu-Ni,Cu-Zn ; AU ; 20 ; Al0851 ; 152 
 1814 ; Лот монет СССР (2шт): 5к,3к ; 1954 ;  ; Br ; F+/F-VF ; 22 ; Vibel ; 48 
 1815 ; Лот монет СССР (2шт): 5к,3к ; 1931 ;  ; Br ; F+/F-VF ; 20 ; Vibel ; 39 
 1816 ; Лот монет СССР (3шт): 5к,3к,2к ; 1953 ;  ; Br ; F+/F-VF ; 35 ; TECHNO ; 90 
 1817 ; Лот монет СССР (3шт): 5к,3к,2к ; 1930 ;  ; Br ; F+/F-VF ; 20 ; Vibel ; 49 
 1818 ; Лот монет СССР (3шт): 5к,3к,2к ; 1946 ;  ; Br ; F-VF/VF ; 9 ; Vibel ; 78 
 1819 ; Лот монет СССР (3шт): 5к,3к,2к ; 1949 ;  ; Br ; F+/F-VF ; 25 ; Vibel ; 55 
 1820 ; Лот монет СССР (14шт): 5 копеек ; 1930-1957 ;  ; Br ; F-VF/VF ; 16 ; BADDY ; 126 
 1821 ; Лот монет СССР (4шт): 20к, 15к ; 1924,1925 ;  ; Ag ; F+/VF- ; 9 ; фёкла ; 173 
 1822 ; Лот монет СССР (4шт): 5к,1к,1/2к ; 1924,1927 ;  ; Cu ; F/F+ ; 24 ; BADDY ; 85 
 1823 ; Лот монет СССР (4шт): 15к, 5к. На всех монетах дефект чеканки ; 1930-1989 ;  ; Cu/Ni,Br ; F+/XF ; 27 ; Джейк ; 91 
 1824 ; Лот монет СССР (27шт): 50 копеек ; 1964 ;  ; Cu/Ni ; F+/VF-XF ; 47 ; Vibel ; 43 
 1825 ; Лот монет СССР (17шт): 20 копеек ; 1943-1957 ;  ; Ni ; F+/VF- ; 18 ; Vibel ; 221 
 1826 ; Лот монет СССР (22шт): 15 копеек ; 1946-1957 ;  ; Ni ; F+/VF ; 25 ; Vibel ; 318 
 1827 ; Лот монет СССР (16шт): 5 копеек. 5 к 1930г с надчеканом ; 1928-1956 ;  ; Br ; F+/F-VF ; 52 ; kvm64 ; 275 
 1828 ; Лот монет СССР (15шт): 5 копеек ; 1961-1991 ;  ; Cu/Zn ; VF+/XF+ ; 24 ; кабачок ; 25 
 1829 ; Лот монет СССР (23шт): 10 копеек ; 1938-1957 ;  ; Ni ; F+/VF+ ; 27 ; Василевс ; 160 
 1830 ; Лот монет СССР (17шт): 3 копейки ; 1931-1957 ;  ; Br ; F+/VF ; 54 ; alz08 ; 438 
 1831 ; Лот монет СССР (15шт): 2 копейки ; 1926-1953 ;  ; Br ; F-VF/VF ; 26 ; Vibel ; 262 
 1832 ; Лот монет СССР: 20 коп (15шт) ; 1961-1991 ;  ; Cu-Ni ; VF-/VF-XF ; 9 ; Petch ; 8 
 1833 ; Лот монет СССР: 20 коп (20шт) ; 1961-1988 ;  ; Cu-Ni ; VF-/VF+ ; 7 ; He-111 ; 7 
 1834 ; Лот монет СССР: 20 коп (15шт) ; 1961-1991 ;  ; Cu-Ni ; VF-/VF ; 4 ; Petch ; 5 
 1835 ; Лот монет СССР: 20 коп (15шт) ; 1961-1991 ;  ; Cu-Ni ; F-VF/VF+ ; 6 ; кабачок ; 7 
 1836 ; Лот монет СССР: 15 коп (15шт) ; 1961-1991 ;  ; Cu-Ni ; F-VF/VF+ ; 2 ; Petch ; 3 
 1737 ; 1 рубль ; 1991 ; ММД ; Cu-Ni ; AU ; 38 ; Ybrjkfif ; 101 
 1738 ; 1 рубль ; 1991 ; ММД ; Cu-Ni ; AU ; 38 ; pww78 ; 97 
 1739 ; 50 копеек ; 1983 ;  ; Cu-Ni ; AU/XF ; 18 ; кабачок ; 32 
 1740 ; 50 копеек ; 1983 ;  ; Cu-Ni ; XF+ ; 30 ; Vibel ; 30 
 1741 ; 50 копеек ; 1983 ;  ; Cu-Ni ; AU ; 22 ; Vibel ; 45 
 1742 ; 50 копеек ; 1983 ;  ; Cu-Ni ; XF ; 11 ; Vibel ; 30 
 1743 ; 50 копеек ; 1983 ;  ; Cu-Ni ; XF+ ; 27 ; Vibel ; 29 
 1744 ; 10 копеек ; 1935 ;  ; Ni ; VF ; 54 ; Kuznets ; 156 
 1745 ; 15 копеек ; 1949 ;  ; Ni ; VF- ; 58 ; kozerog ; 214 
 1746 ; 5 копеек ; 1932 ;  ; Br ; VF- ; 78 ; kozerog ; 140 
 1747 ; 1 копейка ; 1932 ;  ; Br ; XF- ; 64 ; kvm64 ; 286 
 1748 ; 1 копейка ; 1964 ;  ; Cu-Zn ; VF+ ; 72 ; кве ; 206 
 1749 ; 50 копеек ; 1983 ;  ; Cu-Ni ; AU/XF ; 4 ; Vibel ; 30 
 1750 ; 50 копеек ; 1987 ;  ; Cu-Ni ; AU ; 19 ; topzol ; 43 
 1751 ; 50 копеек ; 1990 ;  ; Cu-Ni ; AU ; 64 ; Vova6074 ; 206 
 1752 ; 50 копеек ; 1991 ; ЛМД ; Cu-Ni ; AU ; 81 ; Моряк-собиратель ; 153 
 1753 ; 50 копеек ; 1991 ; ММД ; Cu-Ni ; AU ; 50 ; rad22 ; 402 
 1754 ; 20 копеек ; 1943 ; Л/с звезда плоская, шт. 20 коп. ; Ni ; F-VF ; 38 ; olga42 ; 81 
 1755 ; 1 копейка ; 1957 ; В венке герба 15 лент ; Br ; XF ; 6 ; Советы ; 100 
 1756 ; 15 копеек ; 1931 ;  ; Ni ; VF-XF ; 35 ; Kuznets ; 122 
 1757 ; 15 копеек ; 1932 ;  ; Ni ; VF- ; 13 ; pww78 ; 25 
 1758 ; 15 копеек ; 1943 ;  ; Ni ; VF-XF ; 36 ; Дак ; 107 
 1759 ; 15 копеек ; 1962 ;  ; Cu-Ni ; AU ; 59 ; порт ; 73 
 1760 ; 10 копеек ; 1961 ;  ; Cu-Ni ; AU ; 21 ; порт ; 24 
 1761 ; 5 копеек ; 1935 ;  ; Br ; VF- ; 119 ; RU95 ; 802 
 1762 ; 1 копейка ; 1940 ;  ; Br ; VF-XF ; 30 ; Ravak ; 225 
 1763 ; 1 рубль ; 1964 ;  ; Cu-Ni ; XF ; 3 ; SANGOLD1 ; 4 
 1764 ; 1 рубль ; 1988 ;  ; Cu-Ni ; AU ; 19 ; Vibel ; 83 
 1765 ; 3 копейки ; 1926 ;  ; Br ; F-VF ; 81 ; RU95 ; 493 
 1766 ; 50 копеек ; 1973 ;  ; Cu-Ni ; VF-XF ; 55 ; rad22 ; 165 
 1767 ; 1 рубль ; 1964 ;  ; Cu-Ni ; VF+ ; 8 ; kosiak90 ; 9 
 1768 ; 1 рубль ; 1961 ;  ; Cu-Ni ; AU ; 32 ; pww78 ; 107 
 1769 ; 1 рубль ; 1990 ;  ; Cu-Ni ; AU ; 34 ; lvd ; 105 
 1770 ; 20 копеек ; 1939 ;  ; Ni ; VF+ ; 71 ; pww78 ; 200 
 1771 ; 10 копеек ; 1957 ; В венке герба 15 лент ; Ni ; AU ; 23 ; pww78 ; 53 
 1772 ; 5 копеек ; 1956 ;  ; Br ; XF+ ; 42 ; lvd ; 55 
 1773 ; 100 рублей ; 1992 ; ЛМД Биметалл ; Cu-Ni/Cu-Zn ; AU ; 31 ; pww78 ; 51 
 1774 ; 50 рублей. Красная Книга. Туркменский Зублефар ; 1993ЛМД ;  ; Би/м ; AU ; 55 ; kozerog ; 350 
 1775 ; 5 рублей "Крсная книга. Рыбный филин" ; 1991 ;  ; Би/м ; AU ; 14 ; AIK60 ; 281 
 1776 ; 10 рублей. Республика Бурятия. В буклете ; 2011СПМД ;  ; Би/м ; Unc/AU ; 85 ; irusya ; 420 
 1777 ; Жетон. ЛМД ;  ;  ; Ж/м ; AU ; 12 ; борисыч ; 18 
 1778 ; Набор монет СССР (11шт): 1р-60 лет Советской власти,1р, 50к,20к,15к,10к,5к,3к,2к,1к+Жетон ЛМД. Упаковка нарушена ; 1977 ;  ; Cu/Ni,Cu/Zn ; AU ; 151 ; foxraptor ; 607 
 1779 ; Набор монет СССР (10шт): 1р,50,20,15,10,5,3,2,1к+Жетон ЛМД. В пластиковой капсуле ; 1979 ;  ; Cu/Ni,Cu/Zn ; AU ; 102 ; USS ; 720 
 1780 ; Набор монет СССР (11шт): 1р-Олимпиада 1980г, Эмблема,1р, 50к,20к,15к,10к,5к,3к,2к,1к+ЖетонЛМД. Упаковка нарушена ; 1977,1980 ;  ; Cu/Ni,Cu/Zn ; AU ; 66 ; свой ; 1000 
 1781 ; Годовой набор монет СССР: 1 рубль, 50,20,15,10,5,3,2,1 коп (9шт) + 2 жетона. Пластиковая упаковка ; 1982ЛМД ;  ; Сu-Ni,Cu-Zn ; AU ; 54 ; ДРОВЯНОЙ - 2 ; 4065 
 1782 ; Годовой набор монет СССР: 1 рубль, 50,20,15,10,5,3,2,1 коп (9шт) + 2 жетона. Пластиковая упаковка ; 1987 ;  ; Cu-Ni,Cu-Zn ; AU ; 129 ; shknikolay ; 845 
 1783 ; Набор монет СССР (10шт): 1р,50к,20к,15к,10к,5к,3к,2к,1к+Жетон ММД. Упаковка ; 1989 ;  ; Cu/Ni,Cu/Zn ; Unc/AU ; 61 ; jimmysu ; 426 
 1784 ; Набор монет СССР (10шт): 1р,50к,20к,15к,10к,5к,3к,2к,1к+Жетон ММД. Упаковка ; 1990 ;  ; Cu/Ni,Cu/Zn ; Unc/AU ; 7 ; Petch ; 379 
 1785 ; Годовой набор монет Банка России: 2,1 рубль, 50,10,5,1 коп (6шт) + жетон. Упаковка ; 2007СПМД ;  ; Cu-Ni,Томпак/St ; Unc/AU ; 103 ; свой ; 625 
 1786 ; 5 рублей ; 1991 ; Комплект "Красная книга СССР" (2 монеты) ; биметалл ; AU ; 31 ; kozerog ; 376 
 1687 ; 1 рубль. Упаковка ; 1978 ; Олимпиада 80.Московский Кремль ; Cu-Ni ; Unc ; 26 ; hemiechinus ; 188 
 1688 ; 1 рубль. Упаковка ; 1979 ; Олимпиада 80.Здание МГУ ; Cu-Ni ; Unc ; 36 ; hemiechinus ; 184 
 1689 ; 1 рубль. Упаковка ; 1979 ; Олимпиада 80.Обелиск покорителям космоса ; Cu-Ni ; Unc ; 35 ; s451 ; 259 
 1690 ; 1 рубль. Упаковка ; 1980 ; Олимпиада 80.Здание Моссовета ; Cu-Ni ; Unc ; 23 ; ZET ; 259 
 1691 ; 1 рубль. Упаковка ; 1980 ; Олимпиада 80.Олимпийский факел ; Cu-Ni ; Unc ; 34 ; Олег33 ; 185 
 1692 ; 5 рублей. Упаковка ; 1990 ; Успенский собор в Москве ; Cu-Ni ; Proof ; 36 ; jagger ; 151 
 1693 ; 5 рублей ; 1990 ; Большой дворец в Петродворце ; Cu-Ni ; XF ; 15 ; Vibel ; 34 
 1694 ; 1 рубль ; 1975 ; 30 лет Победы в войне 1941-1945 ; Cu-Ni ; XF- ; 7 ; kosiak90 ; 10 
 1695 ; 1 рубль ; 1975 ; 30 лет Победы в войне 1941-1945 ; Cu-Ni ; XF- ; 6 ; alex995 ; 6 
 1696 ; 1 рубль. Ошибка на циферблате вместо IV часов VI ; 1978 ; Олимпиада 80.Московский Кремль ; Cu-Ni ; AU ; 19 ; harley-doctor ; 323 
 1697 ; 1 рубль. Ошибка на циферблате вместо IV часов VI ; 1978 ; Олимпиада 80.Московский Кремль ; Cu-Ni ; XF ; 49 ; GERMES8 ; 122 
 1698 ; 1 рубль ; 1980 ; Олимпиада 80.Здание Моссовета ; Cu-Ni ; XF ; 12 ; alex995 ; 21 
 1699 ; 1 рубль ; 1980 ; Олимпиада 80.Здание Моссовета ; Cu-Ni ; AU ; 19 ; iMerchant ; 28 
 1700 ; 1 рубль ; 1977 ; 60 лет Советской власти ; Cu-Ni ; XF ; 8 ; lelic ; 31 
 1701 ; 1 рубль ; 1986 ; Международный год мира ; Cu-Ni ; XF ; 19 ; lelic ; 39 
 1702 ; 1 рубль ; 1986 ; Международный год мира ; Cu-Ni ; XF- ; 22 ; keha74 ; 31 
 1703 ; 1 рубль ; 1970 ; 100 лет со дня рождения В.И.Ленина ; Cu-Ni ; XF- ; 2 ; iMerchant ; 3 
 1704 ; 1 рубль ; 1987 ; 175 лет Бородино (барельеф) ; Cu-Ni ; XF- ; 9 ; Vibel ; 25 
 1705 ; 1 рубль ; 1988 ; 160 лет со дня рождения А.Н.Толстого ; Cu-Ni ; XF ; 12 ; Serg7921 ; 24 
 1706 ; 1 рубль ; 1988 ; 160 лет со дня рождения А.Н.Толстого ; Cu-Ni ; XF ; 14 ; buben ; 31 
 1707 ; 1 рубль ; 1988 ; 120 лет со дня рождения А.М.Горького ; Cu-Ni ; XF- ; 18 ; buben ; 31 
 1708 ; 1 рубль. Упаковка ; 1991 ; Олимпиада в Барселоне. Бег ; Cu-Ni ; Proof ; 17 ; yuri.gruzdev ; 568 
 1709 ; 1 рубль. Упаковка ; 1991 ; Олимпиада в Барселоне. Бег ; Cu-Ni ; Proof ; 21 ; КАРКУША ; 556 
 1710 ; 1 рубль. Упаковка ; 1991 ; Олимпиада в Барселоне. Бег ; Cu-Ni ; Proof ; 10 ; Вяч ; 583 
 1711 ; 1 рубль. Упаковка ; 1991 ; Олимпиада в Барселоне. Бег ; Cu-Ni ; Proof ; 44 ; jimmysu ; 487 
 1712 ; 1 рубль. Упаковка ; 1991 ; Олимпиада в Барселоне. Бег ; Cu-Ni ; Proof ; 50 ; jagger ; 561 
 1713 ; 3 рубля. Упаковка ; 1991 ; 50 лет победы под Москвой ; Cu-Ni ; Proof ; 49 ; xtm330 ; 260 
 1714 ; 1 рубль ; 1965 ; 20 лет победы над Германией ; Cu-Ni ; XF- ; 3 ; vic2 ; 10 
 1715 ; 1 рубль ; 1975 ; 30 лет Победы в войне 1941-1945 ; Cu-Ni ; XF ; 26 ; валери ; 30 
 1716 ; 1 рубль ; 1967 ; 50 лет Советской власти ; Cu-Ni ; XF+ ; 27 ; al69 ; 69 
 1717 ; 1 рубль ; 1970 ; 100 лет со дня рождения В.И.Ленина ; Cu-Ni ; VF- ; 4 ; SANGOLD1 ; 6 
 1718 ; 1 рубль ; 1982 ; 60 лет образования СССР ; Cu-Ni ; XF ; 35 ; badiba-coin ; 125 
 1719 ; 1 рубль ; 1985 ; 40 лет Победы над Германией ; Cu-Ni ; AU ; 12 ; QQXA ; 31 
 1720 ; 1 рубль ; 1984 ; 185 лет со дня рождения А.С.Пушкина ; Cu-Ni ; AU ; 16 ; Krechet ; 80 
 1721 ; 1 рубль. Упаковка ; 1990 ; 150 лет со дня рождения П.И.Чайковского ; Cu-Ni ; Proof ; 29 ; rad22 ; 133 
 1722 ; 5 рублей ; 1991 ; Здание Госбанка СССР в Москве ; Cu-Ni ; AU ; 36 ; DVZ ; 57 
 1723 ; 1 рубль ; 1977 ; 60 лет Советской власти ; Cu-Ni ; AU ; 46 ; ZET ; 157 
 1724 ; 1 рубль ; 1981 ; 20 лет полета в космос Ю.Гагарина ; Cu-Ni ; AU ; 26 ; КАРКУША ; 53 
 1725 ; 1 рубль ; 1981 ; Дружба на веки ; Cu-Ni ; AU ; 31 ; Krechet ; 168 
 1726 ; 1 рубль ; 1983 ; 20 лет полета в космос В.Терешковой ; Cu-Ni ; AU ; 13 ; кабачок ; 121 
 1727 ; 1 рубль ; 1983 ; 400 лет со дня смерти И.Федорова 1510-1583 ; Cu-Ni ; AU ; 23 ; кабачок ; 102 
 1728 ; 1 рубль ; 1985 ; 165 лет со дня рождения Ф.Энгельса ; Cu-Ni ; AU ; 9 ; acidorov ; 114 
 1729 ; 1 рубль ; 1967 ; 50 лет Советской власти ; Cu-Ni ; VF ; 2 ; iMerchant ; 3 
 1730 ; 1 рубль ; 1967 ; 50 лет Советской власти ; Cu-Ni ; VF+ ; 5 ; Sergant ; 6 
 1731 ; 1 рубль ; 1967 ; 50 лет Советской власти ; Cu-Ni ; VF ; 1 ; iMerchant ; 2 
 1732 ; 1 рубль ; 1981 ; 20 лет полета в космос Ю.Гагарина ; Cu-Ni ; AU ; 24 ; кабачок ; 57 
 1733 ; 1 рубль ; 1985 ; 115 лет со дня рождения В.И.Ленина ; Cu-Ni ; AU ; 71 ; Antromis ; 161 
 1734 ; 1 рубль ; 1991 ; ММД ; Cu-Ni ; AU ; 23 ; борисыч ; 102 
 1735 ; 1 рубль ; 1991 ; ММД ; Cu-Ni ; AU ; 26 ; ssstri ; 77 
 1736 ; 1 рубль ; 1991 ; ММД ; Cu-Ni ; AU ; 19 ; валери ; 104 
 1637 ; 3 рубля. Упаковка ; 1995 ; Капитуляция Японии ; Cu-Ni ; Proof ; 24 ; мошка ; 826 
 1638 ; 3 рубля. Упаковка ; 1995 ; 50 лет освобождения Вены ; Cu-Ni ; Proof ; 43 ; Serg7921 ; 728 
 1639 ; 3 рубля. Упаковка ; 1995 ; Разгром Квантунской армии в Маньчжурии ; Cu-Ni ; Proof ; 39 ; SKV ; 1970 
 1640 ; 1 рубль. Упаковка ; 1977 ; Олимпиада 80.Эмблема Олимпийских игр ; Cu-Ni ; Unc ; 81 ; s451 ; 188 
 1641 ; 1 рубль. Упаковка ; 1978 ; Олимпиада 80.Московский Кремль ; Cu-Ni ; Unc ; 42 ; iMerchant ; 188 
 1642 ; 1 рубль. Упаковка ; 1979 ; Олимпиада 80.Здание МГУ ; Cu-Ni ; Unc ; 26 ; vrncoins ; 184 
 1643 ; 1 рубль. Упаковка ; 1979 ; Олимпиада 80.Обелиск покорителям космоса ; Cu-Ni ; Unc ; 24 ; vrncoins ; 184 
 1644 ; 1 рубль. Упаковка ; 1980 ; Олимпиада 80.Здание Моссовета ; Cu-Ni ; Unc ; 31 ; vrncoins ; 184 
 1645 ; 1 рубль. Упаковка ; 1980 ; Олимпиада 80.Олимпийский факел ; Cu-Ni ; Unc ; 19 ; vrncoins ; 214 
 1646 ; 1 рубль. Упаковка ; 1981 ; Дружба на веки ; Cu-Ni ; Proof ; 39 ; avig67 ; 1313 
 1647 ; 1 рубль. Упаковка ; 1986 ; 275 лет со дня рождения М.В.Ломоносова ; Cu-Ni ; Proof ; 22 ; alnov ; 903 
 1648 ; 1 рубль. Упаковка ; 1988 ; 160 лет со дня рождения А.Н.Толстого ; Cu-Ni ; Proof ; 23 ; xtm330 ; 204 
 1649 ; 1 рубль. Упаковка ; 1992 ; "Суверенитет, демократия, возрождение" ; Cu-Ni ; Proof ; 47 ; yuri.gruzdev ; 475 
 1650 ; 1 рубль. Упаковка ; 1992 ; 200 лет со дня рождения Н.И.Лобачевского ; Cu-Ni ; Proof ; 33 ; vrncoins ; 208 
 1651 ; 1 рубль. Упаковка ; 1992 ; 110 лет со дня рождения Я.Купалы ; Cu-Ni ; Proof ; 40 ; fox2011 ; 369 
 1652 ; 1 рубль. Упаковка ; 1992 ; 190 лет со дня рождения П.С.Нахимова ; Cu-Ni ; Proof ; 67 ; molchun ; 324 
 1653 ; 1 рубль. Упаковка ; 1993 ; 250 лет со дня рождения Г.Р.Державина ; Cu-Ni ; Proof ; 53 ; борисыч ; 867 
 1654 ; 1 рубль. Упаковка ; 1993 ; 130 лет со дня рождения В.И.Вернадского ; Cu-Ni ; Proof ; 41 ; Вяч ; 242 
 1655 ; 5 рублей ; 1991 ; Здание Госбанка СССР в Москве ; Cu-Ni ; AU ; 55 ; Vibel ; 65 
 1656 ; 5 рублей ; 1991 ; Памятник Давиду Сасунскому в Ереване ; Cu-Ni ; AU ; 15 ; jagger ; 70 
 1657 ; 3 рубля ; 1991 ; 50 лет победы под Москвой ; Cu-Ni ; AU ; 35 ; Vibel ; 61 
 1658 ; 1 рубль ; 1970 ; 100 лет со дня рождения В.И.Ленина ; Cu-Ni ; AU/XF ; 8 ; ssstri ; 9 
 1659 ; 1 рубль ; 1977 ; Олимпиада 80.Эмблема Олимпийских игр ; Cu-Ni ; XF ; 13 ; iMerchant ; 14 
 1660 ; 1 рубль ; 1978 ; Олимпиада 80.Московский Кремль ; Cu-Ni ; AU ; 38 ; 4747 ; 39 
 1661 ; 1 рубль ; 1979 ; Олимпиада 80.Обелиск покорителям космоса ; Cu-Ni ; AU ; 30 ; 4747 ; 28 
 1662 ; 1 рубль ; 1979 ; Олимпиада 80.Здание МГУ ; Cu-Ni ; XF+ ; 66 ; Batya.Manowar ; 83 
 1663 ; 1 рубль ; 1980 ; Олимпиада 80.Олимпийский факел ; Cu-Ni ; AU ; 32 ; jimmysu ; 30 
 1664 ; 1 рубль ; 1988 ; 160 лет со дня рождения А.Н.Толстого ; Cu-Ni ; AU ; 12 ; Batya.Manowar ; 34 
 1665 ; 1 рубль ; 1991 ; 101 год со дня рождения К.В.Иванова ; Cu-Ni ; AU ; 23 ; кабачок ; 47 
 1666 ; 1 рубль ; 1991 ; 850 лет со дня рождения Низами Гянджеви ; Cu-Ni ; AU ; 32 ; 4747 ; 57 
 1667 ; 1 рубль ; 1991 ; 125 лет со дня рождения П.Н.Лебедева ; Cu-Ni ; AU ; 63 ; yuri.gruzdev ; 75 
 1668 ; 5 рублей ; 1993 ; Древний Мерв ; Cu-Ni ; Proof ; 39 ; fox2011 ; 1876 
 1669 ; 5 рублей ; 1990 ; Большой дворец в Петродворце ; Cu-Ni ; AU ; 50 ; jagger ; 95 
 1670 ; 3 рубля ; 1989 ; Землятресение в Армении ; Cu-Ni ; AU ; 39 ; Antromis ; 69 
 1671 ; 1 рубль ; 1970 ; 100 лет со дня рождения В.И.Ленина ; Cu-Ni ; VF+ ; 18 ; kosiak90 ; 17 
 1672 ; 1 рубль ; 1975 ; 30 лет Победы в войне 1941-1945 ; Cu-Ni ; VF ; 4 ; kosiak90 ; 7 
 1673 ; 1 рубль ; 1975 ; 30 лет Победы в войне 1941-1945 ; Cu-Ni ; VF+ ; 6 ; kosiak90 ; 7 
 1674 ; 1 рубль ; 1985 ; 40 лет Победы над Германией ; Cu-Ni ; AU ; 30 ; kosiak90 ; 46 
 1675 ; 1 рубль ; 1987 ; 130 лет со дня рождения К.Э.Циолковского ; Cu-Ni ; AU ; 31 ; keha74 ; 36 
 1676 ; 1 рубль ; 1988 ; 160 лет со дня рождения А.Н.Толстого ; Cu-Ni ; AU ; 23 ; iMerchant ; 36 
 1677 ; 1 рубль ; 1989 ; 175 лет со дня рождения Т.Г.Шевченко ; Cu-Ni ; AU ; 27 ; jimmysu ; 38 
 1678 ; 1 рубль ; 1989 ; 150 лет со дня рождения М.П.Мусоргского ; Cu-Ni ; AU ; 23 ; валери ; 37 
 1679 ; 1 рубль ; 1990 ; 130 лет со дня рождения А.П.Чехова ; Cu-Ni ; AU ; 34 ; кабачок ; 46 
 1680 ; 1 рубль ; 1990 ; 150 лет со дня рождения П.И.Чайковского ; Cu-Ni ; AU ; 28 ; lelic ; 37 
 1681 ; 1 рубль ; 1980 ; Олимпиада 80.Олимпийский факел ; Cu-Ni ; AU ; 24 ; iMerchant ; 38 
 1682 ; 1 рубль ; 1980 ; Олимпиада 80.Олимпийский факел ; Cu-Ni ; AU ; 33 ; КАРКУША ; 46 
 1683 ; 1 рубль ; 1965 ; 20 лет победы над Германией ; Cu-Ni ; F-VF ; 10 ; kosiak90 ; 15 
 1684 ; 1 рубль ; 1967 ; 50 лет Советской власти ; Cu-Ni ; VF+ ; 10 ; kosiak90 ; 15 
 1685 ; 1 рубль ; 1970 ; 100 лет со дня рождения В.И.Ленина ; Cu-Ni ; XF- ; 9 ; kosiak90 ; 15 
 1686 ; 1 рубль. Упаковка ; 1977 ; Олимпиада 80.Эмблема Олимпийских игр ; Cu-Ni ; Unc ; 73 ; hemiechinus ; 188 
 1587 ; Жетон. Министерство торговли СССР. 4. Оборотная сторона гладкая, цифры прямоугольные ;  ;  ; Ж/м ; VF+ ; 41 ; seaman ; 2607 
 1588 ; Жетон. Министерство торговли СССР. 4. Оборотная сторона ребристая, цифры прямоугольные ;  ;  ; Ж/м ; XF+ ; 11 ; джон007 ; 53 
 1589 ; Жетон. Министерство торговли СССР. 3. Оборотная сторона ребристая, цифры прямоугольные ;  ;  ; Ж/м ; XF ; 15 ; джон007 ; 59 
 1590 ; Жетон. Министерство торговли СССР. 3. Оборотная сторона гладкая, цифры прямоугольные ;  ;  ; Ж/м ; VF+ ; 14 ; Мася ; 355 
 1591 ; Жетон. Министерство торговли СССР. 3. Оборотная сторона ребристая, цифры прямоугольной формы ;  ;  ; Ж/м ; VF+ ; 14 ; imi ; 57 
 1592 ; Жетон. Министерство торговли СССР. 2. Оборотная сторона гладкая, цифры прямоугольные ;  ;  ; Ж/м ; XF- ; 12 ; Мася ; 348 
 1593 ; Жетон. Министерство торговли СССР. 1. Оборотная сторона гладкая, цифры прямоугольные ;  ;  ; Ж/м ; VF+ ; 17 ; СВл ; 4647 
 1594 ; 1 рубль ; 1991 ; 550 лет со дня рождения А.Навои.Дата 1990 вместо 1991 ; Cu-Ni ; XF- ; 76 ; борисыч ; 1898 
 1595 ; 1 рубль. Упаковка ; 1993 ; 130 лет со дня рождения В.И.Вернадского."пруф", без знака МД ; Cu-Ni ; Proof ; 53 ; борисыч ; 1564 
 1596 ; 1 рубль ; 1979 ;  ; Cu-Ni ; AU ; 43 ; Леонид ; 367 
 1597 ; 20 копеек ; 1974 ;  ; Cu-Ni ; AU ; 54 ; sergey8 ; 2355 
 1598 ; 20 копеек ; 1975 ;  ; Cu-Ni ; AU ; 62 ; sergey8 ; 2457 
 1599 ; 15 копеек ; 1973 ;  ; Cu-Ni ; AU ; 139 ; Леонид ; 5111 
 1600 ; 10 копеек ; 1944 ;  ; Ni ; AU ; 55 ; qaz21qaz ; 7016 
 1601 ; 5 копеек. Аверс/Реверс 20 градусов ; 1945 ;  ; Br ; F ; 43 ; aleksius ; 204 
 1602 ; 5 копеек ; 1951 ;  ; Br ; VF+ ; 55 ; RU95 ; 759 
 1603 ; 2 копейки ; 1933 ;  ; Br ; VF ; 64 ; Vova6074 ; 777 
 1604 ; 10 рублей ; 1992 ; ЛМД Биметалл ; Cu-Zn/Cu-Ni ; XF+ ; 33 ; ZOLTAN333 ; 4545 
 1605 ; 20 копеек. Аверс/Реверс 10 градусов ; 1932 ;  ; Ni ; AU ; 53 ; qaz21qaz ; 752 
 1606 ; 50 рублей. Аверс/Реверс 45 градусов ; 1993 ; ЛМД Плакир.сталь ;  ; VF-XF ; 55 ; борисыч ; 95 
 1607 ; 50 рублей ; 1992 ; ЛМД Биметалл ; Cu-Zn/Cu-Ni ; AU ; 3 ; veektor ; 4 
 1608 ; 10 рублей. Брак чеканки ; 2010 ; Брянск ; биметалл ; AU ; 37 ; mishanya ; 204 
 1609 ; 10 рублей. Древние города России. Соликамск. Брак монетного двора ; 2011СПМД ;  ; Би/м ; AU ; 125 ; Советы ; 918 
 1610 ; 5 рублей. Упаковка нарушена ; 1989 ; Благовещенский собор в Москве ; Cu-Ni ; Proof ; 33 ; ssstri ; 161 
 1611 ; 5 рублей. Упаковка ; 1990 ; Большой дворец в Петродворце ; Cu-Ni ; Proof ; 19 ; alnov ; 389 
 1612 ; 1 рубль. Упаковка ; 1989 ; 175 лет со дня рождения Т.Г.Шевченко ; Cu-Ni ; Proof ; 2 ; vrncoins ; 103 
 1613 ; 1 рубль. Упаковка ; 1990 ; 150 лет со дня рождения П.И.Чайковского ; Cu-Ni ; Proof ; 14 ; xtm330 ; 204 
 1614 ; 1 рубль. Упаковка ; 1991 ; 125 лет со дня рождения П.Н.Лебедева ; Cu-Ni ; Proof ; 17 ; xtm330 ; 146 
 1615 ; 3 рубля. Упаковка ; 1994 ; Партизаны в ВОВ ; Cu-Ni ; Proof ; 43 ; Serg7921 ; 446 
 1616 ; 3 рубля. Упаковка ; 1995 ; Капитуляция Германии ; Cu-Ni ; Proof ; 37 ; Serg7921 ; 571 
 1617 ; 3 рубля. Упаковка ; 1993 ; 50 лет освобождения Киева ; Cu-Ni ; Proof ; 24 ; Моряк-собиратель ; 455 
 1618 ; 3 рубля. Упаковка ; 1992 ; 750 лет победы А.Невского ; Cu-Ni ; Proof ; 4 ; fox2011 ; 305 
 1619 ; 5 рублей ; 1990 ; Матенадаран.Ереван ; Cu-Ni ; AU ; 58 ; DVZ ; 81 
 1620 ; 5 рублей ; 1991 ; Архангельский собор в Москве ; Cu-Ni ; AU ; 36 ; 4747 ; 69 
 1621 ; 1 рубль. В конверте ; 1965 ; 20 лет победы над Германией ; Cu-Ni ; AU ; 72 ; ZET ; 238 
 1622 ; 3 рубля. Нарушение целостности упаковки ; 1991 ; 50 лет победы под Москвой ; Cu-Ni ; Proof ; 34 ; Моряк-собиратель ; 152 
 1623 ; 3 рубля. Упаковка ; 1992 ; 750 лет победы А.Невского ; Cu-Ni ; Proof ; 7 ; vrncoins ; 314 
 1624 ; 3 рубля. Упаковка ; 1992 ; Международный год космоса ; Cu-Ni ; Proof ; 24 ; ZET ; 371 
 1625 ; 3 рубля. Упаковка ; 1992 ; "19-21 августа" ; Cu-Ni ; Proof ; 34 ; yuri.gruzdev ; 467 
 1626 ; 3 рубля. Упаковка ; 1993 ; 50 лет победы на Курской дуге ; Cu-Ni ; Proof ; 5 ; Моряк-собиратель ; 322 
 1627 ; 3 рубля. Упаковка ; 1993 ; 50 лет освобождения Киева ; Cu-Ni ; Proof ; 11 ; ГраF ; 417 
 1628 ; 3 рубля. Упаковка ; 1993 ; 50 лет победы в Сталинградской битве ; Cu-Ni ; Proof ; 18 ; fajyz ; 303 
 1629 ; 3 рубля. Нарушение целостности упаковки ; 1994 ; 50 лет прорыва блокады Ленинграда ; Cu-Ni ; Proof ; 20 ; Моряк-собиратель ; 423 
 1630 ; 3 рубля. Упаковка ; 1994 ; 50 лет освобождения Белграда ; Cu-Ni ; Proof ; 16 ; Сакович ; 638 
 1631 ; 3 рубля. Упаковка ; 1994 ; Партизаны в ВОВ ; Cu-Ni ; Proof ; 43 ; ГраF ; 416 
 1632 ; 3 рубля. Упаковка ; 1995 ; 50 лет освобождения Праги ; Cu-Ni ; Proof ; 55 ; мошка ; 1004 
 1633 ; 3 рубля. Упаковка ; 1995 ; 50 лет освобождения Варшавы ; Cu-Ni ; Proof ; 33 ; мошка ; 815 
 1634 ; 3 рубля. Упаковка ; 1995 ; Встреча на Эльбе. ; Cu-Ni ; Proof ; 62 ; Dave ; 1041 
 1635 ; 3 рубля. Упаковка ; 1995 ; 50 лет освобождения Кенигсберга. ; Cu-Ni ; Proof ; 41 ; Serg7921 ; 635 
 1636 ; 3 рубля. Упаковка ; 1995 ; Капитуляция Германии ; Cu-Ni ; Proof ; 39 ; vrncoins ; 607 
 1537 ; 10 копеек ; 1923 ;  ; Ag ; VF- ; 68 ; Doca ; 110 
 1538 ; 10 копеек ; 1923 ;  ; Ag ; F-VF ; 71 ; Vibel ; 93 
 1539 ; 10 копеек ; 1924 ;  ; Ag ; VF-XF ; 43 ; каламбур ; 160 
 1540 ; 10 копеек ; 1924 ;  ; Ag ; F-VF ; 11 ; asternox ; 200 
 1541 ; 10 копеек ; 1925 ;  ; Ag ; XF+ ; 72 ; Vibel ; 105 
 1542 ; 10 копеек ; 1925 ;  ; Ag ; F-VF ; 24 ; Kuznets ; 144 
 1543 ; 10 копеек ; 1927 ;  ; Ag ; XF+ ; 65 ; валери ; 123 
 1544 ; 10 копеек ; 1927 ;  ; Ag ; F-VF ; 11 ; Моряк-собиратель ; 100 
 1545 ; 10 копеек ; 1928 ;  ; Ag ; AU/XF ; 35 ; ant70 ; 110 
 1546 ; 10 копеек ; 1928 ;  ; Ag ; F-VF ; 17 ; валери ; 107 
 1547 ; 10 копеек ; 1929 ;  ; Ag ; AU ; 30 ; Злой 2 ; 216 
 1548 ; 10 копеек ; 1929 ;  ; Ag ; AU/XF ; 32 ; Vibel ; 102 
 1549 ; 10 копеек ; 1929 ;  ; Ag ; VF ; 17 ; Vibel ; 81 
 1550 ; 10 копеек ; 1930 ;  ; Ag ; AU ; 55 ; Kuznets ; 122 
 1551 ; 10 копеек ; 1930 ;  ; Ag ; F-VF ; 65 ; Petch ; 91 
 1552 ; Полкопейки ; 1925 ;  ; Cu ; XF ; 37 ; serg2010 ; 459 
 1553 ; Полкопейки ; 1925 ;  ; Cu ; VF- ; 23 ; порт ; 386 
 1554 ; Полкопейки ; 1928 ;  ; Cu ; VF-XF ; 107 ; sergey8 ; 2426 
 1555 ; 15 копеек ; 1946 ; о.Шпицберген ; Вr ; VF- ; 51 ; serg2010 ; 2856 
 1556 ; 10 копеек ; 1946 ; о.Шпицберген ; Br ; VF- ; 86 ; sergey8 ; 4080 
 1557 ; Разменный знак 5. Остров Шпицберген. Арктикуголь. Проба. Тираж 100шт ; 1998СПМД ;  ; Al ; AU ; 43 ; artwolf ; 4080 
 1558 ; Разменный знак 2. Остров Шпицберген. Арктикуголь. Проба. Тираж 100шт ; 1998СПМД ;  ; Al ; AU ; 30 ; artwolf ; 4080 
 1559 ; Разменный знак 1. Остров Шпицберген. Арктикуголь. Проба. Тираж 100шт ; 1998СПМД ;  ; Al ; AU ; 37 ; artwolf ; 4080 
 1560 ; Жетон "70 лет Советскому чекану - гривенник". Тираж 1500шт ; 2007ММД ;  ; Cu-Ni ; Proof ; 38 ; al69 ; 425 
 1561 ; Разменный знак 10. Остров Шпицберген. Арктикуголь. Без надписи "разменный знак". Против терроризма. Нью-Йорк. Тираж 1000шт. Упаковка ; 2001СПМД ;  ; Cu-Ni ; Proof ; 61 ; artwolf ; 1383 
 1562 ; Разменный знак 10. Остров Шпицберген. Арктикуголь. С надписью "разменный знак". Против терроризма. Нью-Йорк. Тираж 2420шт. Упаковка ; 2001СПМД ;  ; Cu-Ni ; Proof ; 46 ; artwolf ; 1269 
 1563 ; Разменный знак 10. Остров Шпицберген. Арктикуголь. Без надписи "разменный знак". Подъем подлодки "Курск". Тираж 500шт. Упаковка ; 2001СПМД ;  ; Cu-Ni ; Proof ; 54 ; artwolf ; 3060 
 1564 ; Разменный знак 10. Остров Шпицберген. Арктикуголь. С надписью "разменный знак". Подъем подлодки "Курск". Тираж 2420шт. Упаковка ; 2001СПМД ;  ; Cu-Ni ; Proof ; 63 ; artwolf ; 1381 
 1565 ; Разменный знак 10. Шпицберген. Против терроризма ; 2002СПМД ;  ; Б/м ; Proof ; 44 ; ssstri ; 691 
 1566 ; Разменный знак 10. Шпицберген. Сход ледника-трагедия в Кармадонском ущелье ; 2002СПМД ;  ; Б/м ; Proof ; 30 ; nik999 ; 497 
 1567 ; Разменный знак 10. Остров Шпицберген. Арктикуголь. С надписью "разменный знак". Против терроризма. Норд-Ост ; 2002СПМД ;  ; Cu-Ni ; Proof ; 20 ; nik999 ; 612 
 1568 ; Жетон. Министерство торговли СССР. 32. Оборотная сторона ребристая, цифры прямоугольные ;  ;  ; Ж/м ; XF ; 34 ; imi ; 106 
 1569 ; Жетон. Министерство торговли СССР. 26. Оборотная сторона ребристая, цифры прямоугольные ;  ;  ; Ж/м ; XF ; 28 ; imi ; 104 
 1570 ; Жетон . Министерство торговли СССР. 26 ;  ;  ; Ж/м ; XF+ ; 3 ; cotangens ; 106 
 1571 ; Жетон. Министерство торговли СССР. 25. Оборотная сторона ребристая, цифры прямоугольные ;  ;  ; Ж/м ; VF+ ; 9 ; fillin ; 103 
 1572 ; Жетон. Министерство торговли СССР. 20. Оборотная сторона ребристая, цифры прямоугольные ;  ;  ; Ж/м ; XF ; 28 ; badiba-coin ; 106 
 1573 ; Жетон. Министерство торговли СССР. 19. Оборотная сторона ребристая, цифры прямоугольные ;  ;  ; Ж/м ; VF-XF ; 70 ; alek99 ; 90 
 1574 ; Жетон . Министерство торговли СССР. 19 ;  ;  ; Ж/м ; XF+ ; 18 ; cotangens ; 101 
 1575 ; Жетон. Министерство торговли СССР. 13. Оборотная сторона ребристая, цифры прямоугольные ;  ;  ; Ж/м ; AU ; 46 ; ehscrop ; 97 
 1576 ; Жетон. Министерство торговли СССР. 12. Оборотная сторона ребристая, цифры прямоугольные ;  ;  ; Ж/м ; VF+ ; 37 ; ehscrop ; 85 
 1577 ; Жетон. Министерство торговли СССР. 12. Оборотная сторона ребристая, цифры прямоугольной формы ;  ;  ; Ж/м ; VF ; 24 ; imi ; 51 
 1578 ; Жетон . Министерство торговли СССР.12 ;  ;  ; Ж/м ; AU/XF ; 45 ; ehscrop ; 95 
 1579 ; Жетон. Министерство торговли СССР. 11. Оборотная сторона ребристая, цифры прямоугольные ;  ;  ; Ж/м ; AU ; 57 ; ehscrop ; 107 
 1580 ; Жетон. Министерство торговли СССР. 11. Оборотная сторона ребристая, цифры прямоугольной формы ;  ;  ; Ж/м ; XF+ ; 23 ; alek99 ; 55 
 1581 ; Жетон . Министерство торговли СССР. 11 ;  ;  ; Ж/м ; XF+ ; 14 ; cotangens ; 101 
 1582 ; Жетон. Министерство торговли СССР. 10. Оборотная сторона гладкая, цифры округлые ;  ;  ; Ж/м ; VF+ ; 28 ; валенок ; 510 
 1583 ; Жетон. Министерство торговли СССР. 10. Оборотная сторона гладкая, цифры прямоугольные ;  ;  ; Ж/м ; AU ; 63 ; koga ; 134 
 1584 ; Жетон. Министерство торговли СССР. 7. Оборотная сторона гладкая, цифры прямоугольные ;  ;  ; Ж/м ; XF- ; 47 ; seaman ; 10670 
 1585 ; Жетон. Министерство торговли СССР. 6. Оборотная сторона гладкая, цифры прямоугольные ;  ;  ; Ж/м ; XF+ ; 46 ; seaman ; 10934 
 1586 ; Жетон. Министерство торговли СССР. 5. Оборотная сторона гладкая, цифры прямоугольные ;  ;  ; Ж/м ; VF-XF ; 14 ; badiba-coin ; 257 
 1487 ; Один полтинник ; 1925 ; (ПЛ 9 грамм) ; Ag ; VF- ; 18 ; SOS ; 272 
 1488 ; Один полтинник ; 1925 ; (ПЛ 9 грамм) ; Ag ; F+ ; 42 ; SOS ; 236 
 1489 ; Один полтинник ; 1926 ; (ПЛ 9 грамм) ; Ag ; AU ; 48 ; GERMES8 ; 729 
 1490 ; Один полтинник ; 1926 ; (ПЛ 9 грамм) ; Ag ; XF/AU ; 50 ; GERMES8 ; 663 
 1491 ; Один полтинник ; 1926 ; (ПЛ 9 грамм) ; Ag ; XF+ ; 46 ; юдис ; 601 
 1492 ; Один полтинник ; 1926 ; (ПЛ 9 грамм) ; Ag ; XF+ ; 50 ; olga42 ; 485 
 1493 ; Один полтинник ; 1926 ; (ПЛ 9 грамм) ; Ag ; VF-XF ; 33 ; Моряк-собиратель ; 368 
 1494 ; Один полтинник ; 1927 ; (ПЛ 9 грамм) ; Ag ; XF ; 48 ; astronom ; 885 
 1495 ; Один полтинник ; 1927 ; (ПЛ 9 грамм) ; Ag ; VF-XF ; 33 ; Сакович ; 622 
 1496 ; 20 копеек ; 1921 ;  ; Ag ; XF- ; 102 ; shneyder ; 1800 
 1497 ; 20 копеек ; 1921 ;  ; Ag ; VF- ; 136 ; shneyder ; 1122 
 1498 ; 20 копеек ; 1922 ;  ; Ag ; VF+ ; 12 ; валери ; 123 
 1499 ; 20 копеек ; 1922 ;  ; Ag ; VF- ; 11 ; Doca ; 100 
 1500 ; 20 копеек ; 1922 ;  ; Ag ; F-VF ; 69 ; Vibel ; 104 
 1501 ; 20 копеек ; 1923 ;  ; Ag ; AU ; 65 ; Злой 2 ; 509 
 1502 ; 20 копеек ; 1923 ;  ; Ag ; XF/AU ; 31 ; 4747 ; 105 
 1503 ; 20 копеек ; 1923 ;  ; Ag ; XF- ; 28 ; 4747 ; 104 
 1504 ; 20 копеек ; 1923 ;  ; Ag ; VF-XF ; 18 ; Vibel ; 99 
 1505 ; 20 копеек ; 1923 ;  ; Ag ; VF- ; 34 ; Vibel ; 93 
 1506 ; 20 копеек ; 1924 ;  ; Ag ; VF- ; 54 ; Vibel ; 91 
 1507 ; 20 копеек ; 1925 ;  ; Ag ; AU/XF ; 27 ; Sergant ; 97 
 1508 ; 20 копеек ; 1925 ;  ; Ag ; VF- ; 18 ; Vibel ; 82 
 1509 ; 20 копеек ; 1927 ;  ; Ag ; VF- ; 60 ; Vibel ; 84 
 1510 ; 20 копеек ; 1928 ;  ; Ag ; AU ; 20 ; Джейк ; 114 
 1511 ; 20 копеек ; 1928 ;  ; Ag ; VF+ ; 16 ; twister174 ; 102 
 1512 ; 20 копеек ; 1928 ;  ; Ag ; VF+ ; 18 ; Vibel ; 100 
 1513 ; 20 копеек ; 1929 ;  ; Ag ; AU ; 60 ; Джейк ; 107 
 1514 ; 20 копеек ; 1929 ;  ; Ag ; XF+ ; 68 ; Vibel ; 101 
 1515 ; 20 копеек ; 1929 ;  ; Ag ; VF-XF ; 15 ; Gell13 ; 99 
 1516 ; 20 копеек ; 1929 ;  ; Ag ; VF- ; 67 ; Vibel ; 101 
 1517 ; 20 копеек ; 1930 ;  ; Ag ; AU ; 12 ; Гостев ; 115 
 1518 ; 20 копеек ; 1930 ;  ; Ag ; AU ; 84 ; Antromis ; 117 
 1519 ; 20 копеек ; 1930 ;  ; Ag ; VF ; 64 ; Vibel ; 92 
 1520 ; 20 копеек ; 1930 ;  ; Ag ; VF- ; 19 ; Vibel ; 99 
 1521 ; 15 копеек ; 1921 ;  ; Ag ; XF- ; 126 ; BST ; 1255 
 1522 ; 15 копеек ; 1921 ;  ; Ag ; VF ; 69 ; NSN ; 894 
 1523 ; 15 копеек ; 1922 ;  ; Ag ; XF- ; 21 ; MAGGMA ; 117 
 1524 ; 15 копеек ; 1923 ;  ; Ag ; VF- ; 41 ; 4747 ; 102 
 1525 ; 15 копеек ; 1923 ;  ; Ag ; F-VF ; 15 ; Vibel ; 102 
 1526 ; 15 копеек ; 1924 ;  ; Ag ; F-VF ; 17 ; kozerog ; 101 
 1527 ; 15 копеек ; 1925 ;  ; Ag ; VF- ; 24 ; pww78 ; 98 
 1528 ; 15 копеек ; 1927 ;  ; Ag ; XF+ ; 12 ; 5110 ; 102 
 1529 ; 15 копеек ; 1927 ;  ; Ag ; VF- ; 66 ; badiba-coin ; 97 
 1530 ; 15 копеек ; 1928 ;  ; Ag ; AU ; 63 ; Sergant ; 114 
 1531 ; 15 копеек ; 1928 ;  ; Ag ; VF ; 24 ; Vibel ; 101 
 1532 ; 15 копеек ; 1929 ;  ; Ag ; AU ; 54 ; Antromis ; 216 
 1533 ; 15 копеек ; 1929 ;  ; Ag ; F-VF ; 24 ; Vibel ; 98 
 1534 ; 15 копеек ; 1930 ;  ; Ag ; AU ; 34 ; bv812 ; 144 
 1535 ; 15 копеек ; 1930 ;  ; Ag ; F-VF ; 21 ; Petch ; 99 
 1536 ; 10 копеек ; 1921 ;  ; Ag ; F+ ; 58 ; Олег33 ; 793 
 1437 ; 2 рубля ; 2008 ; ММД 150 лет со дня рождения В.И. Немировича-Данченко ; Ag ; Proof ; 36 ; Фима ; 1129 
 1438 ; 2 рубля ; 2008 ; СПМД 100 лет со дня рождения Е.В. Вучетич ; Ag ; Proof ; 43 ; Artemon ; 1664 
 1439 ; 1 рубль ; 2001 ; СПМД Красная книга. Сахалинский осетр ; Ag ; Proof ; 37 ; astronom ; 2052 
 1440 ; 1 рубль ; 2001 ; СПМД Красная книга. Западносибирский бобр ; Ag ; Proof ; 29 ; свой ; 2051 
 1441 ; 1 рубль ; 2001 ; СПМД Красная книга. Алтайский горный баран ; Ag ; Proof ; 32 ; Artemon ; 2040 
 1442 ; 1 рубль ; 2002 ; ММД Министерство иностранных дел ; Ag ; Proof ; 34 ; vip_Alex777 ; 2046 
 1443 ; 1 рубль ; 2002 ; ММД Министерство внутренних дел ; Ag ; Proof ; 46 ; E.V.A. ; 3642 
 1444 ; 1 рубль ; 2002 ; ММД Вооруженные силы РФ ; Ag ; Proof ; 40 ; vip_Alex777 ; 4758 
 1445 ; 1 рубль ; 2002 ; ММД Министерство экономического развития ; Ag ; Proof ; 35 ; lelic ; 1746 
 1446 ; 1 рубль ; 2002 ; ММД Министерство юстиции ; Ag ; Proof ; 46 ; vip_Alex777 ; 3602 
 1447 ; 1 рубль ; 2002 ; ММД Министерство образования ; Ag ; Proof ; 37 ; vip_Alex777 ; 1561 
 1448 ; 1 рубль ; 2002 ; ММД Министерство финансов ; Ag ; Proof ; 44 ; Vasilich63 ; 1530 
 1449 ; 1 рубль ; 2009 ; ММД Вооруженные силы РФ. Авиация. "Илья Муромец" ; Ag ; Proof ; 59 ; свой ; 1665 
 1450 ; 1 рубль ; 2009 ; ММД Вооруженные силы РФ. Авиация. Эмблема ; Ag ; Proof ; 28 ; Artemon ; 1025 
 1451 ; 1 рубль ; 2009 ; ММД Вооруженные силы РФ. Авиация. Реактивный самолет ; Ag ; Proof ; 63 ; свой ; 1734 
 1452 ; Рубль. Полуточка ; 1921 ; (АГ) ; Ag ; AU ; 70 ; GERMES8 ; 4150 
 1453 ; Рубль. Полуточка ; 1921 ; (АГ) ; Ag ; AU ; 50 ; ВАЛЕР ; 3661 
 1454 ; Рубль ; 1921 ; (АГ) ; Ag ; AU ; 62 ; shneyder ; 2652 
 1455 ; Рубль. Полуточка ; 1922 ; (ПЛ) ; Ag ; F-VF ; 43 ; USS ; 8217 
 1456 ; Рубль ; 1924 ; (ПЛ) ; Ag ; AU ; 36 ; юдис ; 1595 
 1457 ; Рубль ; 1924 ; (ПЛ) ; Ag ; AU ; 61 ; Mart_11 ; 1532 
 1458 ; Рубль ; 1924 ; (ПЛ) ; Ag ; AU ; 53 ; ssstri ; 1226 
 1459 ; Рубль ; 1924 ; (ПЛ) ; Ag ; AU ; 29 ; ВАЛЕР ; 1501 
 1460 ; Рубль ; 1924 ; (ПЛ) ; Ag ; XF ; 40 ; serg2010 ; 1157 
 1461 ; Рубль ; 1924 ; (ПЛ) ; Ag ; XF ; 44 ; iMerchant ; 1142 
 1462 ; Рубль ; 1924 ; (ПЛ) ; Ag ; VF-XF ; 24 ; фёкла ; 914 
 1463 ; 50 копеек ; 1921 ; (АГ) ; Ag ; XF ; 28 ; десн67 ; 500 
 1464 ; 50 копеек ; 1921 ; (АГ) ; Ag ; VF+ ; 49 ; serg2010 ; 422 
 1465 ; 50 копеек ; 1921 ; (АГ) ; Ag ; VF ; 46 ; 4747 ; 367 
 1466 ; 50 копеек ; 1922 ; (ПЛ) ; Ag ; XF/AU ; 81 ; юдис ; 487 
 1467 ; 50 копеек ; 1922 ; (ПЛ) ; Ag ; XF+ ; 32 ; юдис ; 438 
 1468 ; 50 копеек ; 1922 ; (ПЛ) ; Ag ; XF+ ; 37 ; юдис ; 435 
 1469 ; 50 копеек ; 1922 ; (ПЛ) ; Ag ; XF ; 13 ; кабачок ; 379 
 1470 ; 50 копеек ; 1922 ; (АГ) ; Ag ; XF ; 40 ; grisha2401 ; 550 
 1471 ; 50 копеек ; 1922 ; (АГ) ; Ag ; XF- ; 34 ; BST ; 519 
 1472 ; Один полтинник ; 1924 ; (ТР 2з. 10,5 д. 9 грамм) ; Ag ; AU ; 42 ; s451 ; 724 
 1473 ; Один полтинник ; 1924 ; (ПЛ 2 з.10,5 д.9 грамм) ; Ag ; AU ; 17 ; Basilio ; 355 
 1474 ; Один полтинник ; 1924 ; (ПЛ 2 з.10,5 д.9 грамм) ; Ag ; XF/AU ; 31 ; serg2010 ; 332 
 1475 ; Один полтинник ; 1924 ; (ПЛ 2 з.10,5 д.9 грамм) ; Ag ; XF ; 26 ; serg2010 ; 285 
 1476 ; Один полтинник ; 1924 ; (ПЛ 2 з.10,5 д.9 грамм) ; Ag ; XF- ; 14 ; jimmysu ; 272 
 1477 ; Один полтинник ; 1924 ; (ТР 2з. 10,5 д. 9 грамм) ; Ag ; VF ; 19 ; SOS ; 278 
 1478 ; Один полтинник ; 1924 ; (ТР 2з. 10,5 д. 9 грамм) ; Ag ; VF- ; 17 ; SOS ; 272 
 1479 ; Один полтинник ; 1924 ; (ТР 2з. 10,5 д. 9 грамм) ; Ag ; VF- ; 31 ; SOS ; 273 
 1480 ; Один полтинник ; 1924 ; (ПЛ 2 з.10,5 д.9 грамм) ; Ag ; F+ ; 20 ; SOS ; 230 
 1481 ; Один полтинник ; 1925 ; (ПЛ 9 грамм) ; Ag ; AU ; 29 ; ВАЛЕР ; 523 
 1482 ; Один полтинник ; 1925 ; (ПЛ 9 грамм) ; Ag ; XF+ ; 33 ; serg2010 ; 323 
 1483 ; Один полтинник ; 1925 ; (ПЛ 9 грамм) ; Ag ; XF+ ; 32 ; serg2010 ; 333 
 1484 ; Один полтинник ; 1925 ; (ПЛ 9 грамм) ; Ag ; XF ; 30 ; юдис ; 306 
 1485 ; Один полтинник ; 1925 ; (ПЛ 9 грамм) ; Ag ; VF-XF ; 23 ; Буратино ; 302 
 1486 ; Один полтинник ; 1925 ; (ПЛ 9 грамм) ; Ag ; VF- ; 25 ; iMerchant ; 237 
 790 ; Знак. Гвардия СССР ;  ;  ; Ж/м,эмаль ; VF+ ; 56 ; dimon46 ; 457 
 791 ; Жетон. Российская палата предпринимателей. Упаковка ;  ;  ; Ж/м ; AU ; 9 ; Rober ; 63 
 792 ; Знак. Общественный контролер за техническим состоянием автомобилей РСФСР № 20185. С удостоверением к значку №5588 ; ЛМД ;  ; Ж/м,эмаль ; XF+ ; 56 ; 462 ; 1527 
 793 ; Медаль (эксклюзивная коллекционная монета). Санкт-Петербург. Россия. В буклете. D-39мм ;  ;  ; Ж/м ; AU ; 44 ; fajyz ; 220 
 794 ; Медаль (эксклюзивная коллекционная монета). Петергоф. Россия. В буклете. D-39мм ;  ;  ; Ж/м ; AU ; 30 ; AIK60 ; 292 
 795 ; Медаль (эксклюзивная коллекционная монета). Кронштадт. Россия. В буклете. D-39мм ;  ;  ; Ж/м ; AU ; 30 ; fajyz ; 240 
 796 ; Лот значков "ДОСААФ СССР "За активную работу"": 2шт. Размеры: 57 на 100мм и 20 на 35мм ;  ;  ; Al ; VF-/VF ; 59 ; 542 ; 232 
 797 ; Лот знаков (6шт): 50 лет ВЛКСМ ;  ;  ; Al ; VF/VF-XF ; 36 ; СВл ; 149 
 798 ; Лот значков (За активную работу в профгруппе и за активную работу по охране общ порядка): 2шт ;  ;  ; Al ; XF/AU ; 19 ; semenb ; 57 
 799 ; Лот значков (Специалист-мастер, специалист ИАС): 2шт ;  ;  ; Ж/м, Al ; AU/XF ; 13 ; trifons ; 50 
 800 ; Лот значков (КСФ): 3шт ;  ;  ; Al ; VF+/XF ; 8 ; RAPAN ; 207 
 801 ; Лот футбольных знаков (3шт): Шинник, динамо ;  ;  ; Al ; VF+/XF ; 10 ; валери ; 40 
 802 ; Лот значков (Специалист-мастер, специалист ИАС): 3шт ;  ;  ; Ж/м, Al ; AU/XF ; 7 ; Добрый молодец ; 33 
 803 ; Лот знаков (4шт): "Водник" ;  ;  ; Al ; XF-/XF ; 3 ; kask ; 34 
 804 ; Лот знаков (2шт): 100 лет ЛКИ-ГМУ, ромб об окончании ЛКИ ; ЛМД,СПМД ;  ; Al ; XF/AU ; 65 ; kask ; 960 
 805 ; Лот знаков (4шт): Чемпион СССР по футболу ;  ;  ; Al ; XF/XF+ ; 23 ; Добрый молодец ; 75 
 806 ; Лот знаков (3шт): ЛФЭИ им. Н.А. Вознесенского ;  ;  ; Al,Ж/м ; XF-/XF ; 3 ; kask ; 34 
 807 ; Лот значков (Специалист-мастер, специалист ИАС): 2шт ;  ;  ; Ж/м, эмаль,Al ; VF/VF+ ; 22 ; Добрый молодец ; 23 
 808 ; Лот спортивных знаков (5шт): Спартак ;  ;  ; Al ; VF+/VF-XF ; 7 ; dimon46 ; 118 
 809 ; Лот морских знаков (2шт): Крейсер "Киров", крейсер "Варяг" ;  ;  ; Al ; VF+/VF ; 9 ; kask ; 62 
 810 ; Лот значков (Специалист-мастер, специалист ИАС): 3шт ;  ;  ; Ж/м, эмаль,Al ; VF/VF+ ; 23 ; Добрый молодец ; 24 
 811 ; Лот значков (республиканские соревнования): 2шт ;  ;  ; Al ; VF/VF+ ; 54 ; 7752157 ; 57 
 812 ; Лот морских знаков (2шт): крейсер"Киров", крейсер "Аврора" ;  ;  ; Al ; VF+/XF ; 14 ; RAPAN ; 152 
 813 ; Лот значков (гербалайф): 4шт ;  ;  ; Ж/м,эмаль ; XF/XF+ ; 11 ; allur65 ; 19 
 814 ; Лот знаков (5шт): автомотолюбитель, водитель автомобиля ;  ;  ; Al ; XF/AU ; 36 ; 462 ; 209 
 815 ; Лот знаков (2шт): Североморск ;  ;  ; Al ; XF/XF+ ; 25 ; RAPAN ; 175 
 816 ; Лот морских знаков (2шт): Эсминец "Сообразительный", 25 лет ;  ;  ; Al ; VF/VF+ ; 12 ; RAPAN ; 152 
 817 ; Лот морских знаков (2шт): Корабль "Гремящий", Противолодочный крейсер ;  ;  ; Al ; VF/VF+ ; 23 ; RAPAN ; 203 
 818 ; Лот знаков (3шт): Степан Разин, Общество борьбы за трезвость, Курить-здоровью вредить ;  ;  ; Al, пластмасса ; VF+/XF ; 25 ; SANGOLD1 ; 102 
 819 ; Лот значков (Автомобили, мотоциклы, лыжи): 19шт ;  ;  ; Al ; VF-/VF+ ; 41 ; Недорого ; 259 
 1417 ; 50 рублей. М-7,78г ; 2008 ; ММД 450 лет вхождения Удмуртии в состав России ; Au ; Proof ; 59 ; игмар ; 13904 
 1418 ; 25 рублей ; 2006 ; СПМД Богороднично-Успенский монастырь ; Ag ; Proof ; 51 ; ulf ; 7535 
 1419 ; 10 рублей ; 1978 ; ЛМД Прыжки с шестом.Игры XXII Олимпиады ; Ag ; AU ; 64 ; hemiechinus ; 1249 
 1420 ; 3 рубля ; 1990 ; ЛМД Встреча в верхах в интересах детей ; Ag ; Proof ; 11 ; свой ; 2017 
 1421 ; 3 рубля ; 1990 ; ММД Флот Петра Великого ; Ag ; Proof ; 13 ; свой ; 2100 
 1422 ; 3 рубля. В коробке ; 1990 ; ЛМД Петропавловская крепость ; Ag ; Proof ; 38 ; NSN ; 1848 
 1423 ; 3 рубля ; 1991 ; ММД Триумфальная арка ; Ag ; Proof ; 10 ; свой ; 1616 
 1424 ; 3 рубля ; 1991 ; ЛМД Форт Росс ; Ag ; Proof ; 27 ; свой ; 2335 
 1425 ; 3 рубля ; 1996 ; ЛМД Тобольский Кремль ; Ag ; Proof ; 17 ; NSN ; 1821 
 1426 ; 3 рубля ; 1999 ; СПМД Юрьев монаст.в Новгороде 19 в. ; Ag ; Proof ; 82 ; NSN ; 4000 
 1427 ; 3 рубля ; 1999 ; ММД Дворец усадьба в Кусково, 18 в. ; Ag ; Proof ; 64 ; NSN ; 1779 
 1428 ; 3 рубля ; 2000 ; ММД Нижегородский Кремль ; Ag ; Proof ; 27 ; astronom ; 6106 
 1429 ; 3 рубля ; 2003 ; СПМД Камчатские экспедиции ; Ag ; Proof ; 16 ; NSN ; 1506 
 1430 ; 3 рубля ; 2004 ; ММД Историческая серия. Феофан Грек ; Ag ; Proof ; 45 ; astronom ; 4432 
 1431 ; 3 рубля ; 2004 ; ММД Богоявленский собор ; Ag ; Proof ; 41 ; vliv-88 ; 2436 
 1432 ; 3 рубля ; 2004 ; ММД Томск ; Ag ; Proof ; 65 ; Сапёр ; 3060 
 1433 ; 3 рубля ; 2004 ; ММД "Сохраним наш мир". Северный олень ; Ag ; Proof ; 23 ; 439 ; 1701 
 1434 ; 3 рубля ; 2005 ; ММД МГУ ; Ag ; Proof ; 19 ; NSN ; 1695 
 1435 ; 3 рубля ; 2009 ; 50 лет начала исследований Луны ; Ag ; Proof ; 69 ; деньга ; 3437 
 1436 ; 2 рубля ; 2005 ; СПМД 200 лет со дня рождения П.К.Клодта ; Ag ; Proof ; 53 ; Artemon ; 1651 
 740 ; Знак 150 лет со дня рождения Миколы Аркаса ;  ;  ; Ж/м ; XF+ ; 15 ; allur65 ; 16 
 741 ; Знак ЦК ВЛКСМ Молодому передовику производства ; ЛМД ;  ; Ж/м ; XF ; 42 ; evseechevvv ; 159 
 742 ; Знак Зак погранокруг 50 лет ;  ;  ; Ж/м ; VF-XF ; 39 ; Citi ; 213 
 743 ; Знак Отличник Миннефтихимпрома ; ММД ;  ; Ж/м ; XF+ ; 36 ; ААФ ; 156 
 744 ; Знак МГМИ ВДНХ СССР ;  ;  ; Б/м,эмаль ; VF+ ; 58 ; murew ; 271 
 745 ; Знак Военная комендатура Москва ;  ;  ; Б/м ; XF ; 26 ; marson2010 ; 84 
 746 ; Знак 80 лет ГРУ ;  ;  ; Б/м ; XF+ ; 31 ; Slava O ; 236 
 747 ; Знак Казачество ;  ;  ; Ж/м ; F-VF ; 63 ; Добрый молодец ; 113 
 748 ; Знак 125 лет заводу "Красный пролетарий" ; ММД ;  ; Al ; AU ; 28 ; DM2713 ; 90 
 749 ; Знак Почетный мастер ; ММД ;  ; Б/м ; VF-XF ; 51 ; alex09 ; 334 
 750 ; Знак 25 лет ХСЗ ;  ;  ; Б/м ; VF+ ; 22 ; Citi ; 80 
 751 ; Знак Отличный пожарник Украинской ССР ;  ;  ; Ж/м,эмаль ; VF+ ; 41 ; 542 ; 306 
 752 ; Знак Стоматологическая ассоциация России. Отличник стоматологии  3 ст ;  ;  ; Ж/м ; XF ; 53 ; murew ; 215 
 753 ; Знак Атомный ледокол "Ленин" ;  ;  ; Ж/м,эмаль ; VF ; 59 ; RAPAN ; 99 
 754 ; Знак ЦАМО РФ 50 лет ;  ;  ; Ж/м ; XF ; 5 ; SadKo ; 35 
 755 ; Знак. Лауреат премии. М.Волковой и Л.Ананьевой ;  ;  ; Al ; AU ; 22 ; RAPAN ; 30 
 756 ; Знак ТСХА Тимирязевская с/х академия ; ММД ;  ; Ж/м,эмаль ; VF+ ; 27 ; 542 ; 930 
 757 ; Знак 70 лет службе участковых инспекторов милиции ;  ;  ; Al ; XF+ ; 26 ; ANDREYMAG ; 58 
 758 ; Знак РАУ (артиллерийское училище) ;  ;  ; Al ; XF+ ; 43 ; flyfisher74 ; 79 
 759 ; Знак. Почетный работник промышленности средств связи ; ММД ;  ; Ж/м ; AU ; 96 ; Petch ; 193 
 760 ; Знак ВСХВ ? ; ММД ;  ; Ж/м,эмаль ; VF+ ; 38 ; semenb ; 126 
 761 ; Знак ДСО "Шахтер" ;  ;  ; Ж/м,эмаль ; VF- ; 15 ; RAPAN ; 361 
 762 ; Знак 30 тысячник подмосковья ;  ;  ; Ж/м,эмаль ; XF+ ; 19 ; UVVR ; 92 
 763 ; Знак Отличник газовой промышленности ;  ;  ; Al ; XF ; 51 ; 542 ; 105 
 764 ; Знак. За безаварийное УВД 10 лет ;  ;  ; Ж/м ; F-VF ; 6 ; Petch ; 105 
 765 ; Знак 50 лет ВЛКСМ ; ММД ;  ; Ж/м ; XF+ ; 39 ; UVVR ; 193 
 766 ; Знак Чемпионат мира Москва 1975 ;  ;  ; Ж/м ; VF ; 4 ; vic2 ; 50 
 767 ; Знак ДСО "Динамо" 50 лет. УРСР ;  ;  ; Ж/м,эмаль ; F-VF ; 31 ; qwe1000 ; 48 
 768 ; Знак. Москва ; 1959 ;  ; Ж/м,эмаль ; VF- ; 6 ; fillin ; 37 
 769 ; Знак. Ульяновск ;  ;  ; Ж/м,эмаль ; VF- ; 9 ; 7752157 ; 71 
 770 ; Знак. Динамо. Рига ;  ;  ; Ж/м,эмаль ; F-VF ; 7 ; fillin ; 8 
 771 ; Знак. Участнику уборки урожая на целине ; 1957ММД ;  ; Ж/м,эмаль ; XF- ; 36 ; Юджин ; 104 
 772 ; Знак Трудовые резервы. Спартакиада УМСХ ;  ;  ; Ж/м,эмаль ; VF+ ; 31 ; 7752157 ; 194 
 773 ; Знак 2 место. Киргизская ССР ;  ;  ; Ж/м,эмаль ; XF- ; 40 ; 7752157 ; 221 
 774 ; Знак. Матч реванш на звание чемпиона мира Каспаров Карпов ; 1986 ;  ; Ж/м,эмаль ; F-VF ; 4 ; vic2 ; 50 
 775 ; Знак. Ту-104 ;  ;  ; Ж/м ; VF+ ; 14 ; semenb ; 44 
 776 ; Музыкальный знак ;  ;  ; Ж/м ; VF ; 48 ; Эквитес ; 1071 
 777 ; Знак. Миру-мир! ; ММД ;  ; Ж/м, эмаль ; VF-XF ; 39 ; semenb ; 104 
 778 ; Знак. 7-ой Фестиваль молодежи 1959г ;  ;  ; Ж/м ; XF ; 7 ; alek99 ; 37 
 779 ; Знак . 7. VII. 1955г. Польша ;  ;  ; Б/м, эмаль ; VF-XF ; 25 ; allur65 ; 108 
 780 ; Знак ВАТТ ;  ;  ; Б/м,эмаль ; XF- ; 71 ; semenb ; 1134 
 781 ; Знак. Ударник сталинского призыва №37615 ;  ;  ; Ж/м,эмаль ; VF-XF ; 64 ; Murat_a ; 2540 
 782 ; Знак. Почетному железнодорожнику №442236 ;  ;  ; Ж/м,эмаль ; VF+ ; 69 ; Murat_a ; 3121 
 783 ; Знак. Чемпионат Европы по самбо. Тренер ;  ;  ; Ж/м,эмаль ; VF-XF ; 43 ; qwe1000 ; 318 
 784 ; Знак ЛМИ ;  ;  ; Ж/м,эмаль ; VF-XF ; 69 ; DM2713 ; 2782 
 785 ; Знак. Спартакиада школьников 2 место ; 1959 ;  ; Ж/м,эмаль ; VF+ ; 51 ; ААФ ; 156 
 786 ; Знак Ветеран спорта СССР ;  ;  ; Ж/м ; VF-XF ; 17 ; semenb ; 192 
 787 ; Знак. Парусник ;  ;  ; Ж/м ; VF-XF ; 14 ; Citi ; 31 
 788 ; Знак. Депутат городского совета ;  ;  ; Al ; XF+ ; 29 ; Al0851 ; 51 
 789 ; Знак Латвийская ССР ;  ;  ; Ж/м,эмаль ; XF- ; 22 ; alex09 ; 373 
 690 ; Знак Чемпион республики 1960-1961 ;  ;  ; Ж/м,эмаль ; XF- ; 53 ; vic2 ; 257 
 691 ; Знак Мастер спорта СССР №30298 ;  ;  ; Ж/м,эмаль ; VF ; 46 ; murew ; 1076 
 692 ; Знак ВСХВ ;  ;  ; Ж/м,эмаль ; XF ; 45 ; He-111 ; 104 
 693 ; Знак ; ММД ;  ; Ж/м,эмаль ; VF+ ; 27 ; SadKo ; 126 
 694 ; Знак ДОСААФ СССР. Водитель мотоцикла ; ММД ;  ; Ж/м,эмаль ; XF ; 126 ; 7752157 ; 411 
 695 ; Знак ДОСААФ СССР. За активную работу ;  ;  ; Ж/м,эмаль ; AU ; 27 ; He-111 ; 357 
 696 ; Знак Ленинград. Первенство СССР ; 1960 ;  ; Ж/м,эмаль ; XF ; 50 ; vic2 ; 407 
 697 ; Знак Ленинград. Метро ; 1955 ;  ; Ж/м,эмаль ; AU ; 54 ; RAPAN ; 300 
 698 ; Знак ВЛКСМ ;  ;  ; Ж/м,эмаль ; VF ; 48 ; semenb ; 105 
 699 ; Знак Ленинград ;  ;  ; Ж/м,эмаль ; XF ; 14 ; ну очень недорого ; 61 
 700 ; Знак Спартакида 1960-1961 ;  ;  ; Ж/м,эмаль ; XF- ; 23 ; Lasto4kaSPB ; 87 
 701 ; Знак ДСО "Локомотив" ;  ;  ; Б/м,эмаль ; VF- ; 74 ; qwe1000 ; 465 
 702 ; Знак Ленинградский автомотоклуб ДОСААФ СССР ;  ;  ; Ж/м,эмаль ; VF ; 83 ; Citi ; 672 
 703 ; Знак Коллегия судей по спорту ; ММД ;  ; Ж/м,эмаль ; XF- ; 27 ; mirumir ; 159 
 704 ; Знак ТТУЛ ;  ;  ; Ж/м,эмаль ; VF ; 77 ; blackhunter ; 2361 
 705 ; ЗнаК ДОССАФ СССР ;  ;  ; Ж/м,эмаль ; VF ; 32 ; SadKo ; 107 
 706 ; Знак ДСО "Спартак" 1 место ;  ;  ; Ж/м,эмаль ; VF- ; 128 ; Citi ; 939 
 707 ; Знак ГТО 2 ступени ;  ;  ; Ж/м,эмаль ; F-VF ; 3 ; fillin ; 204 
 708 ; Знак. Международный геофизический год 1957-1958 ; ММД ;  ; Б/м,эмаль ; F-VF ; 89 ; Citi ; 175 
 709 ; Знак VI всемирный фестиваль молодежи и студентов. Москва ; 1957ЛМД ;  ; Ж/м,эмаль ; VF ; 67 ; UVVR ; 104 
 710 ; Знак Спуск атомного ледокола. Ленинград 5.12.1957 ;  ;  ; Ж/м,эмаль ; VF ; 42 ; Slava O ; 557 
 711 ; Знак Флаг ;  ;  ; Ж/м,эмаль ; VF- ; 152 ; Citi ; 788 
 712 ; Знак "Т" ;  ;  ; Ж/м,эмаль ; F+ ; 72 ; vicder ; 496 
 713 ; Знак Москвич сервис ;  ;  ; Ж/м ; VF ; 29 ; egorkras ; 67 
 714 ; Знак 10 лет. Управление строительства кольской АЭС ; 1974 ;  ; Ж/м ; VF ; 8 ; Petch ; 36 
 715 ; Знак. Ралли "Русская зима" ;  ;  ; Ж/м ; VF+ ; 23 ; vic2 ; 107 
 716 ; Зажим "всегда готов" ;  ;  ; Б/м ; F-VF ; 54 ; dpb ; 1232 
 717 ; Знак. Олимпиада 80. Москва ;  ;  ; Ж/м ; XF ; 18 ; vic2 ; 81 
 718 ; Знак "Автомобиль" 1 место ;  ;  ; Ж/м,покр,эмаль ; F+ ; 196 ; ну очень недорого ; 1301 
 719 ; Знак. Отличник железнодорожных войск (накладной) ; 1991ЛМД ;  ; Ж/м ; XF- ; 42 ; NSN ; 209 
 720 ; "Серебряная" медаль Лауреат ВДНХ ; ММД ;  ; Б/м ; AU ; 44 ; evgen 797 ; 102 
 721 ; Знак. МК ВЛКСМ "Пловец". Мособлспортсовет ;  ;  ; Ж/м,эмаль ; VF ; 33 ; vic2 ; 261 
 722 ; Знак. Спартакиада ВЦСПС (без винта и гайки) ; 1932 ;  ; Ж/м,эмаль ; F+ ; 37 ; alex09 ; 533 
 723 ; Знак. Почетный энергостроитель Латвийская ССР ;  ;  ; Б/м,эмаль ; VF+ ; 50 ; 542 ; 119 
 724 ; Знак ВЛКСМ Молодому передовику животноводства ; ММД ;  ; Б/м,ж/м ; XF ; 83 ; 7752157 ; 473 
 725 ; Знак. X съезд профсоюза рабочих судостроительной промышленности ;  ;  ; Al ; AU ; 42 ; RAPAN ; 87 
 726 ; Медаль "За строительство магистрального газопровода СЭВ" ; ЛМД ;  ; Ж/м ; XF+ ; 29 ; ААФ ; 231 
 727 ; Знак ДССО "Урожай" 2 место АССР ;  ;  ; Ж/м,эмаль ; XF- ; 56 ; vic2 ; 420 
 728 ; Знак Оренбургское ВВАКУЛ 70 лет ; 1991 ;  ; Б/м ; VF+ ; 84 ; kola1961 ; 355 
 729 ; Знак. Выставка достижений народного хозяйства ;  ;  ; Ж/м ; XF ; 13 ; marson2010 ; 80 
 730 ; Знак. Отличник военного строительства ;  ;  ; Ж/м,эмаль ; VF ; 31 ; raise ; 55 
 731 ; Знак. За активную работу в органах народного контроля СССР ; ЛМД ;  ; Б/м,эмаль ; VF+ ; 90 ; NSN ; 299 
 732 ; Знак Кавалер РММ ;  ;  ; Ж/м ; AU ; 37 ; keha74 ; 58 
 733 ; Знак. Спецназ России ;  ;  ; Б/м ; AU ; 78 ; Майкл ; 261 
 734 ; Знак. Заслуженный военный летчик России ;  ;  ; Б/м,эмаль ; VF ; 35 ; semenb ; 369 
 735 ; Знак 50 лет КГТО ;  ;  ; Ж/м ; XF+ ; 11 ; RAPAN ; 35 
 736 ; Знак 75 лет финансовой службе ВС РФ ;  ;  ; Ж/м ; AU ; 45 ; М662 ; 160 
 737 ; Знак Турист. Контрольно-спасательная служба ;  ;  ; Ж/м,эмаль ; VF+ ; 58 ; Lasto4kaSPB ; 210 
 738 ; Знак ЛЭТИ ;  ;  ; Ж/м,эмаль ; AU ; 39 ; DM2713 ; 1421 
 739 ; Знак Горный институт ;  ;  ; Ж/м,эмаль ; XF ; 27 ; murew ; 673 
 640 ; Медаль "За службу" с планкой "Гималаи". Индия ;  ;  ; Б/м ; XF- ; 35 ; k212 ; 566 
 641 ; Медаль "За специальную службу" с планкой "Защита". Индия ;  ;  ; Б/м ; VF-XF ; 67 ; blackhunter ; 528 
 642 ; Медаль. Гвардия Нью-Йорка. США ;  ;  ; Ж/м ; XF ; 85 ; k212 ; 663 
 643 ; Медаль "За заслуги в пожарном деле" 1 степени. Польша ;  ;  ; Ж/м ; AU ; 25 ; medal85 ; 331 
 644 ; Медаль "30 лет освобождения от фашизма". Румыния ;  ;  ; Б/м ; XF+ ; 6 ; derbnik ; 225 
 645 ; Медаль "25 лет провозглашения Респулики". Румыния ;  ;  ; Б/м ; XF- ; 11 ; blackhunter ; 235 
 646 ; Орден "За воинские заслуги" III степени. Румыния ;  ;  ; Ж/м,эмаль ; VF-XF ; 20 ; k212 ; 516 
 647 ; Медаль "50 лет ком партии Румынии". Румыния ;  ;  ; Ж/м ; VF-XF ; 16 ; derbnik ; 233 
 648 ; Медаль"За труд". Румыния ;  ;  ; Б/м ; VF ; 10 ; veektor ; 157 
 649 ; Медаль"За воинские заслуги". Румыния ;  ;  ; Б/м,эмаль ; МА+ ; 60 ; veektor ; 184 
 650 ; Медаль. 13-й год правления. Ватикан, Папа Пий XI (1922-1939). D-44мм ; 1934 ;  ; Ag ; XF+ ; 90 ; Георг ; 2228 
 651 ; Медаль. Жизнеописание Марина I. Папская область, Папа Марин I (882-884). D-38мм ; 1712 ;  ; Br ; XF ; 9 ; S1952 ; 756 
 652 ; Медаль. Победа в битве при Монсе в Бельгии. Франция, Людовик XIV. D-41мм ; Конец XIX века ;  ; Br ; XF ; 18 ; ealiev ; 1314 
 653 ; Жетон. Декан Факультета медицины Пурфур дю Пти. Франция, Людовик XVI. D-28мм ; 1782 ;  ; Ag ; VF- ; 7 ; eres ; 847 
 654 ; Жетон. Муниципальная вакцинация животных. Франция, Людовик XVIII. D-33мм ; 1814 ;  ; Ag ; VF-XF ; 32 ; Dave ; 819 
 655 ; Жетон. В память о регенте Принце Луитпольде. Бавария. D-17мм ; 1908 ;  ; Ag ; VF+ ; 81 ; raise ; 599 
 656 ; Жетон. Присвоение звания фельдмаршала Карлу-Филиппу Иосифу фон Вреде (1767-1839), будущему генералиссимусу Баварии. Франция, Наполеон I. D-33мм ; 1814 ;  ; Br в Ag ; VF+ ; 64 ; Георг ; 1304 
 657 ; Жетон. Император Наполеона III. Франция. D-20мм ; ND (1852-1871) ;  ; Br в Ag ; F-VF ; 13 ; raise ; 105 
 658 ; Спортивная медаль. Бейсбол. Корея ;  ;  ; Б/м ; VF-XF ; 25 ; allur65 ; 53 
 659 ; Медаль. Мао дзе Дун. D-35мм ;  ;  ; Б/м ; AU ; 37 ; Добрый молодец ; 153 
 660 ; Медаль. Город Садбери Канада. Столица никеля. 100-летний юбилей. D-39мм ; 1964 ;  ; Cu-Ni ; XF ; 12 ; Sterh ; 67 
 661 ; Медаль. Военный мемориал. Мейсен. D-42мм ; 1922 ;  ; Керамика ; XF/AU ; 8 ; murew ; 242 
 662 ; Медаль "В трудные времена у человека плявляются сомнения и другие пороки" ?. Германия. D-37мм ; 1923 ;  ; Br ; AU ; 83 ; gelind ; 1448 
 663 ; Медаль "В трудные времена у человека плявляются сомнения и другие пороки" ?. Германия. D-37мм ; 1923 ;  ; Al ; AU ; 46 ; gelind ; 714 
 664 ; Медаль "1 фунт муки - 10000 марок, 1 фунт мяса - 50000 марок, 1 фунт хлеба - 3850 марок, 1 кружка пива - 5500 марок". Германия. Саксония ; 1923 ;  ; Br ; XF+ ; 105 ; Георг ; 1359 
 665 ; Медаль "1 литр молока - 2700 марок, 1 фунт масла - 48000 марок, 1 фунт сахара - 3500 марок". Германия. Саксония. D-29мм ; 1923 ;  ; Br ; AU ; 89 ; Георг ; 1317 
 666 ; Газовый жетон. Швеция ; 1927 ;  ; Br ; VF ; 15 ; eres ; 132 
 667 ; Знак "За социалистический образ жизни". ГДР ;  ;  ; Ж/м ; XF- ; 28 ; М662 ; 36 
 668 ; Знак "Аleko" ;  ;  ; Ж/м ; VF ; 10 ; Petch ; 21 
 669 ; Знак. Образцовый солдат. Чехословакия ;  ;  ; Ж/м ; VF+ ; 34 ; keha74 ; 130 
 670 ; Знак. Спец. Офицер полиции. Сша. Размеры: 55 на 70мм ;  ;  ; Ж/м ; XF+ ; 63 ; ANDREYMAG ; 299 
 671 ; Знак. Ветераны войны в заливе. США ;  ;  ; Ж/м ; XF ; 44 ; veektor ; 159 
 672 ; Знак. Трудовые резервы ГДР ; 1958 ;  ; Ж/м ; VF- ; 19 ; allur65 ; 43 
 673 ; Знак Латвийская ССР ; 1960 ;  ; Ж/м ; VF- ; 9 ; RAPAN ; 102 
 674 ; Знак BPPOV ;  ;  ; Ж/м ; VF+ ; 12 ; allur65 ; 113 
 675 ; Знак FGMA ;  ;  ; Ж/м,эмаль ; F-VF ; 12 ; allur65 ; 117 
 676 ; Знак IX конгресс ;  ;  ; Б/м ; VF- ; 18 ; allur65 ; 40 
 677 ; Знак. VI фестиваль ; 1957 ;  ; Ag ; VF ; 53 ; blackhunter ; 291 
 678 ; Знак фестиваль ; 1957 ;  ; Ag ; VF ; 54 ; alek99 ; 349 
 679 ; Знак. Корабль "Безбоязненный" ;  ;  ; Ж/м ; XF ; 44 ; NSN ; 225 
 680 ; Знак. Отличник ВМФ ;  ;  ; Ж/м,эмаль ; AU ; 14 ; sveta6369 ; 157 
 681 ; Знак. Первый разряд ;  ;  ; Ж/м,,эмаль ; VF+ ; 45 ; sveta6369 ; 284 
 682 ; Знак 2 место. Автомобиль ;  ;  ; Ж/м,эмаль ; VF ; 137 ; 7752157 ; 1071 
 683 ; Знак ДСО "Спартак" ;  ;  ; Ж/м,эмаль ; VF ; 46 ; Седой ; 250 
 684 ; Знак. Чемпион. Мотоцикл ;  ;  ; Ж/м,эмаль ; XF- ; 118 ; 7752157 ; 1011 
 685 ; Знак ГТО 1 ступени ;  ;  ; Ж/м,эмаль ; VF ; 15 ; alex09 ; 119 
 686 ; Знак СК Калинин ;  ;  ; Ж/м,эмаль ; VF ; 33 ; alex09 ; 73 
 687 ; Знак ИЖ Авто ;  ;  ; Ж/м,эмаль ; VF ; 34 ; egorkras ; 71 
 688 ; Знак Медик ;  ;  ; Ж/м,эмаль ; VF+ ; 34 ; mirumir ; 229 
 689 ; Знак ДОСААФ СССР. Водитель автомобиля ; ММД ;  ; Ж/м,эмаль ; XF ; 106 ; murka1973 ; 420 
 590 ; Медаль. 50 лет первой печатной машине. D-77мм ;  ;  ; Al ; XF+ ; 22 ; evgen 797 ; 22 
 591 ; Медаль. 50 лет Севморпути. Медальер А.Шабанов. D-60мм ; 1982ЛМД ;  ; Ж/м ; AU ; 30 ; ghjwtcc ; 854 
 592 ; Медаль. Родившейся на земле Ленинградской. D-45мм ; ЛМД ;  ; Б/м ; XF+ ; 58 ; smirnoff ; 168 
 593 ; Медаль. Родившемуся на земле Ленинградской. D-45мм ; ЛМД ;  ; Ж/м ; XF+ ; 90 ; Sacha777 ; 258 
 594 ; Медаль"Pro patria". ЮАР ;  ;  ; Ж/м ; XF+ ; 32 ; derbnik ; 385 
 595 ; Медаль национальной гвардии "За долговременную честную службу". США. Иллинойс ;  ;  ; Ж/м ; AU ; 134 ; medal85 ; 362 
 596 ; Медаль национальной гвардии "За службу". Калифорния ;  ;  ; Ж/м ; XF+ ; 50 ; alexander9595 ; 420 
 597 ; Медаль "Пурпурное сердце". США ;  ;  ; Ж/м ; AU ; 77 ; volod ; 1138 
 598 ; Поощрительная медаль национальной гвардии. Джорджия ;  ;  ; Ж/м ; XF+ ; 39 ; alexander9595 ; 476 
 599 ; Крест Европейской конфедерации бывших фронтовиков ;  ;  ; Ж/м ; AU ; 95 ; NatanZig ; 952 
 600 ; Медаль с планкой "За службу по защите нации". США ;  ;  ; Ж/м ; AU ; 35 ; alexander9595 ; 216 
 601 ; Знак боевого пехотинца. США ;  ;  ; Б/м,эмаль ; VF+ ; 28 ; k212 ; 77 
 602 ; Медаль национальной гвардии "За заслуги". Колорадо ;  ;  ; Ж/м ; XF+ ; 35 ; alexander9595 ; 354 
 603 ; Медаль национальной гвардии Техаса "За выдающиеся заслуги". США ;  ;  ; Ж/м ; XF+ ; 35 ; alexander9595 ; 354 
 604 ; Орден почетного легиона. США ;  ;  ; Ж/м,эмаль ; AU ; 86 ; alexander9595 ; 1729 
 605 ; Воинский знак отличия. Бельгия ;  ;  ; Ж/м ; AU ; 33 ; blackhunter ; 793 
 606 ; Медаль в память 1МВ. Бельгия ;  ;  ; Ж/м ; VF+ ; 46 ; nemo67 ; 614 
 607 ; Памятная медаль зарубежных миссий и операций. Бельгия ;  ;  ; Ж/м ; AU ; 51 ; PRIM2010 ; 583 
 608 ; Огненный крест. Бельгия ;  ;  ; Ж/м ; AU ; 68 ; alexander9595 ; 898 
 609 ; Медаль "За воинские заслуги". Бельгия ;  ;  ; Ж/м ; AU ; 33 ; Lobster76 ; 663 
 610 ; Медаль в память войны 1940-1945гг с мечами, крестом и молниями. Бельгия ;  ;  ; Ж/м ; VF-XF ; 31 ; Murat_a ; 1557 
 611 ; Медаль "За заслуги". Бельгия ;  ;  ; Ж/м ; AU ; 47 ; NatanZig ; 583 
 612 ; Революционная медаль 1914-1918гг. Чехословакия ;  ;  ; Ж/м ; XF ; 39 ; alexander9595 ; 980 
 613 ; Орден "За заслуги перед государством и обществом" 2 ст. Албания ;  ;  ; Б/м,эмаль ; XF ; 41 ; Koffit ; 700 
 614 ; Орден "За воинские заслуги". КНДР ;  ;  ; Б/м ; VF-XF ; 38 ; medal85 ; 612 
 615 ; Крест бойца. Франция ;  ;  ; Ж/м ; VF-XF ; 36 ; alexander9595 ; 641 
 616 ; Военный крест 1914-1918гг. Франция. С бронзовой звездочкой ;  ;  ; Ж/м ; VF-XF ; 43 ; alexander9595 ; 1122 
 617 ; Военный крест 1939г с пальмовой ветвью. Франция ;  ;  ; Ж/м ; XF ; 46 ; alexander9595 ; 1024 
 618 ; Национальный орден "За заслуги". Франция. Ремонт ;  ;  ; Б/м ; XF ; 51 ; alexander9595 ; 1247 
 619 ; Медаль "За ранение". Франция ;  ;  ; Ж/м,эмаль ; VF ; 43 ; veektor ; 521 
 620 ; Орден "За заслуги" в с/х. Франция ;  ;  ; Ж/м ; AU ; 34 ; PRIM2010 ; 908 
 621 ; Медаль в память войны 1939-1945гг. Франция. С планкой ;  ;  ; Ж/м ; XF+ ; 35 ; alexander9595 ; 860 
 622 ; Медаль 100 лет освобождения Болгарии от османского ига. Болгария ;  ;  ; Ж/м ; AU ; 25 ; veektor ; 108 
 623 ; Медаль 40 лет победы над фашизмом. Болгария ;  ;  ; Ж/м ; AU ; 8 ; blackhunter ; 115 
 624 ; Медаль 100 лет со дня рождения Георгия Димитрова. Болгария ;  ;  ; Ж/м ; XF+ ; 36 ; blackhunter ; 125 
 625 ; Медаль 1300 лет Болгарии. Болгария ;  ;  ; Ж/м ; AU/XF ; 18 ; blackhunter ; 150 
 626 ; Медаль в память 50-летия правления Франца Иосифа. Австро-Венгрия ;  ;  ; Ж/м ; XF+ ; 44 ; derbnik ; 362 
 627 ; Крест в память 60-летия правления Франца Иосифа. Австро-Венгрия ;  ;  ; Ж/м ; VF+ ; 36 ; alexander9595 ; 867 
 628 ; Медаль. Бригады девочек-спасательниц. 10 лет службы. Великобритания ;  ;  ; Ж/м,эмаль ; XF ; 29 ; alexander9595 ; 370 
 629 ; Знак. Красного креста (буржуазный). Великобритания ;  ;  ; Ж/м,эмаль ; VF+ ; 89 ; alexander9595 ; 770 
 630 ; Крест пожарных "За заслуги" 1 степени. Бавария ;  ;  ; Ж/м ; XF+ ; 30 ; medal85 ; 793 
 631 ; Крест пожарных "За заслуги" 2 степени. Бавария ;  ;  ; Б/м ; XF+ ; 12 ; alexander9595 ; 463 
 632 ; Крест пожарных "За заслуги" 3 степени. Бавария ;  ;  ; Ж/м ; XF+ ; 28 ; alexander9595 ; 826 
 633 ; Железный крест 2 класса. Пруссия ;  ;  ; Fe,Ag ; VF+ ; 32 ; alexander9595 ; 2004 
 634 ; Медаль "За отличную службу в боевых бригадах рабочего класса 25 лет". ГДР ;  ;  ; Ж/м ; AU ; 21 ; biruc ; 221 
 635 ; Медаль "золотая" "За отличную службу в боевых бригадах рабочего класса" с планкой. ГДР ;  ;  ; Ж/м ; AU ; 15 ; 55-ILIA ; 201 
 636 ; Медаль "серебряная" "За отличную службу в боевых бригадах рабочего класса" с планкой. ГДР ;  ;  ; Б/м ; AU ; 19 ; Anton72 ; 188 
 637 ; Медаль "бронзовая" "За отличную службу в боевых бригадах рабочего класса" с планкой. ГДР ;  ;  ; Ж/м ; AU ; 15 ; alex69ae ; 201 
 638 ; Медаль "За военную службу". ЮАР ;  ;  ; Б/м ; AU ; 67 ; blackhunter ; 573 
 639 ; Медаль "За службу нации 1966-1970" Нигерия ;  ;  ; Ж/м ; AU ; 46 ; derbnik ; 340 
 532 ; Солид. Швеция, Густав Адольф ; 1652? ;  ; Cu ; F ; 52 ; asparagus ; 122 
 533 ; Солид. Рига, Кристина ; XVIIв ;  ; Cu ; F+ ; 61 ; aldor ; 157 
 534 ; Солид. Польша. Ян Казимир ; 1660-е ;  ; Cu ; F ; 36 ; aldor ; 46 
 535 ; Монета средневековая. Махараштра, Сатавахана, Саткарни ;  ;  ; Cu ; F+ ; 51 ; eres ; 439 
 536 ; Драхма. Г. Мейсан. Хормизд IV (9-ый год правления) ;  ;  ; Ag ; VF-XF ; 58 ; cotangens ; 708 
 537 ; 1/2 драхмы. Табаристан ;  ;  ; Ag ; XF- ; 66 ; kotyamoi ; 1079 
 538 ; Дирхем. Багдад ; 156г.х. ;  ; Ag ; VF+ ; 32 ; k212 ; 1019 
 539 ; 2500 шу "юнтун ваньго", гладкий. Почерк сяочжуань. Китай, Южня Чэнь. D-29мм ; 570-582 ;  ; Cu ; F-VF ; 100 ; чусер ; 693 
 540 ; 1 цянь "кайюань тунбао" иероглиф 12ч. Почерк лишу. Китай, Тан. D-24,5мм ; 618-907 ;  ; Br ; F-VF ; 16 ; Slava O ; 128 
 541 ; 50 цяней "цяньюань чжунбао", гладкий с двойным пояском. Почерк чжэньшу. Китай, Тан. D-35мм ;  ;  ; Br ; F-VF ; 59 ; S1952 ; 693 
 542 ; 1 цянь "дагуань тунбао", гладкий. Почерк чжэньшу. Китай, Северная Сун. D-24,5мм ; 1107-1110 ;  ; Br ; VF- ; 54 ; Slava O ; 252 
 543 ; 1 цянь "сюаньхэ тунбао", гладкий. Почерк лишу. Китай, Северная Сун. D-25мм ; 1119-1125 ;  ; Br ; F-VF ; 27 ; Slava O ; 161 
 544 ; 3 цяня "юаньфу тунбао", гладкий. Почерк сяочжуань. Китай, Северная Сун. D-31,5мм ; 1098-1100 ;  ; Br ; F+ ; 11 ; kotyamoi ; 117 
 545 ; 3 цяня "шаоси юаньбао" "эр" 6ч. Почерк чжэньшу. Китай, Южная Сун. D-29мм ; 1190-1194 ;  ; Br ; F+ ; 19 ; гриша ; 95 
 546 ; 1 цянь "цзядин тунбао" "цзю" 12ч. Почерк чжэньшу. Китай, Южня Сун. D-24мм ; 1208-1224 ;  ; Br ; F-VF ; 9 ; Slava O ; 115 
 547 ; 2 цяня "цзядин тунбао" "чунь ши". Китай, Южная Сун. D-28мм ; 1208-1224 ;  ; Fe ; F-VF ; 34 ; kotyamoi ; 192 
 548 ; 2 цяня "цинъюань тунбао" "хань сы". Почерк чжэньшу. Китай, Южня Сун. D-29мм ; 1195-1200 ;  ; Fe ; F-VF ; 5 ; Slava O ; 405 
 549 ; 5 цяней "дуаньпин тунбао" "дин у бэй чжун". Китай, Южня Сун. D-35мм ; 1234-1237 ;  ; Fe ; F ; 23 ; S1952 ; 279 
 550 ; 1 цянь "чунчжэн тунбао" "ба фэнь" 3ч. Китай, Мин. D-24мм ; 1628-1643 ;  ; Br ; F-VF ; 41 ; Slava O ; 306 
 551 ; 2 цяня "лиюн тунбао" "ли" 3ч. Китай, Восстания XVII века. D-27,5мм ; 1646 ;  ; Br ; F-VF ; 11 ; Slava O ; 306 
 552 ; 1 цянь "шуньчжи тунбао" "чжэ" 12ч. Провинция Чжэцзян (Ханьчжоу). Китай, Цин. D-25мм ; 1644-1661 ;  ; Br ; F+ ; 9 ; smel ; 125 
 553 ; 1 цянь "шуньчжи тунбао" "дун" 3ч. Провинция Шаньдун (Цзинань). Китай, Цин. D-25,5мм ; 1644-1661 ;  ; Br ; F-VF ; 11 ; Slava O ; 125 
 554 ; 1 цянь "цяньлун тунбао" "боо циовань". Министерство финансов. Китай, Цин. D-23,5мм ; 1736-1795 ;  ; Br ; VF- ; 23 ; DVZ ; 93 
 555 ; 1 цянь "цяньлун тунбао" "боо нань". Провинция Хунань (Чанчжа). Китай, Цин. D-24мм ; 1736-1795 ;  ; Br ; VF- ; 19 ; Slava O ; 137 
 556 ; 100 цяней "сяньфэн юаньбао" "боо су дан бай". Провинция Цзянсу (Сучжоу). Китай, Цин. D-59мм. М-66гр ; 1851-1861 ;  ; Br ; VF ; 49 ; чусер ; 1674 
 557 ; 10 цяней "сяньфэн чжунбао" "боо циовань дан ши". Министерство финансов. Китай, Цин. D-38мм ; 1851-1861 ;  ; Fe ; F+ ; 44 ; чусер ; 508 
 558 ; 2 муна "чанпин тунбао" "ху цю". Министерство финансов. Корея. D-31,5мм ; 1742 ;  ; Br ; VF- ; 13 ; гриша ; 98 
 559 ; 1 мун "чанпин тунбао" "ху цзю". Министерство финансов. Корея. D-25мм ; 1806 ;  ; Br ; F-VF ; 14 ; kotyamoi ; 120 
 560 ; 1 мун "чанпин тунбао" "кай лю" и полумесяц 3ч. Военное управление провинции Каесунг. Корея. D-24,5мм ; 1816 ;  ; Br ; F+ ; 20 ; kotyamoi ; 105 
 561 ; 4 муна "канъэй цухо", 7 волн. Япония. D-29мм ;  ;  ; Fe ; F ; 17 ; kotyamoi ; 101 
 562 ; Лот античных монет (5шт) ;  ;  ; Cu ; F/F+ ; 146 ; alex1974 ; 1530 
 563 ; Лот средневековых монет : 3шт ; 17 век ;  ; Ag ; F-VF ; 102 ; Harder ; 408 
 564 ; Лот монет Германии: динар (2шт) ; 13 век ;  ; Ag ; F ; 55 ; aldor ; 450 
 565 ; Лот монет Востока (9шт). Некоторые обломаны, на некоторых отверстия и деформация, трещины ;  ;  ; Ag,Cu ; F/F+ ; 73 ; 161rus ; 410 
 574 ; Жетон "Свобода". В память российской революции. D-27мм ; 1917 ;  ; Br ; F-VF ; 54 ; blackhunter ; 850 
 575 ; Памятная медаль в честь визита в Париж Императора Николая II и Императрицы Александры Федоровны на открытие памятника Александру III 7 октября 1896г. D-70мм. М-143,1г ;  ;  ; Br, серебрение ; VF-XF ; 135 ; RICH ; 9690 
 576 ; Медаль. Александр I. D-40мм ; 1814 ;  ; Br ; VF+ ; 47 ; NSN ; 6000 
 577 ; Медаль. Первый человек на Луне Н.Армстронг. D-50мм ; ММД ;  ; Ж/м ; XF+ ; 36 ; ges ; 141 
 578 ; Медаль. Первый космонавт Земли Ю.Гагарин. D-50мм ; ММД ;  ; Ж/м ; AU ; 26 ; evgen 797 ; 169 
 579 ; Медаль. Шарль Азнавур. D-65мм ; 1991ЛМД ;  ; Ж/м ; AU ; 38 ; ghjwtcc ; 765 
 580 ; Медаль. Скульптура Летнего сада. И.А. Крылов. D-57мм ; ЛМД ;  ; Al ; AU ; 39 ; trifons ; 204 
 581 ; Медаль. Скульптура Летнего сада. Амур и Психея. D-57мм ; ЛМД ;  ; Al ; AU ; 83 ; trifons ; 153 
 582 ; Медаль. Скульптура Летнего сада. Александр Македонский. D-57мм ; ЛМД ;  ; Al ; AU ; 11 ; trifons ; 153 
 583 ; Медаль. Скульптура Летнего сада. Вакх. D-57мм ; ЛМД ;  ; Al ; AU ; 7 ; trifons ; 153 
 584 ; Медаль. Скульптура Летнего сада. Беллона. D-57мм ; ЛМД ;  ; Al ; AU ; 7 ; trifons ; 153 
 585 ; Медаль. Скульптурная группа на Аничковом мосту. Лениград. D-53мм ;  ;  ; Al ; AU ; 9 ; trifons ; 138 
 586 ; Медаль. Скульптурная группа на Аничковом мосту. Лениград. D-53мм ;  ;  ; Al ; AU ; 25 ; trifons ; 102 
 587 ; Медаль. Памятник Петру I. Ленинград. D-58мм ;  ;  ; Al ; AU ; 61 ; evgen 797 ; 285 
 588 ; Медаль. А.С.Пушкин. Могила великого поэта D-53мм ;  ;  ; Al ; AU ; 57 ; Maks777 ; 363 
 589 ; Медаль. Скульптура Летнего сада. Ленинград. Беллона. Медальер С.Иванов. D-57мм ;  ;  ; Al ; AU ; 77 ; evgen 797 ; 181 
 460 ; Копейка ; 1612-1613 ; временный московский денежный двор ; Ag ; VF- ; 43 ; Al0851 ; 275 
 461 ; Копейка ; 1612-1613 ; временный московский денежный двор ; Ag ; VF- ; 50 ; Al0851 ; 337 
 462 ; Копейка ; 1611-1617 ; Шведская оккупация.Новгород ; Ag ; VF- ; 19 ; raise ; 135 
 463 ; Копейка ; 1613-1645 ; Михаил Федорович Московский ден.двор ; Ag ; VF ; 16 ; himak ; 255 
 464 ; Копейка ; 1613-1645 ; Михаил Федорович Московский ден.двор ; Ag ; VF ; 11 ; ur_adamov ; 114 
 465 ; Копейка ; 1613-1645 ; Михаил Федорович Московский ден.двор ; Ag ; VF ; 18 ; himak ; 443 
 466 ; Копейка. Михаил Федорович. Новгород ; 1617-1627 ;  ; Ag ; VF ; 26 ; imir ; 177 
 467 ; Копейка ; 1617-ок.1630 ; Михаил Федорович Псков ; Ag ; VF- ; 31 ; imir ; 185 
 468 ; Копейка ; 1676-1682 ; Федор Алексеевич ; Ag ; VF ; 36 ; ur_adamov ; 283 
 469 ; Денга ; 1425-1462 ; Василий Васильевич(Темный) ; Ag ; VF ; 64 ; himak ; 850 
 470 ; Копейка ; после 1696 ; Петр Алексеевич ; Ag ; VF+ ; 69 ; Antromis ; 459 
 471 ; Копейка ; после 1696 ; Петр Алексеевич ; Ag ; VF ; 23 ; ur_adamov ; 119 
 472 ; Копейка ; 1598-1605 ; Борис  Годунов Московский ден.двор ; Ag ; VF- ; 12 ; №18 ; 144 
 473 ; Копейка ; 1600 ; Борис Годунов Новгородский ден.двор ; Ag ; VF- ; 6 ; Al0851 ; 117 
 474 ; Копейка. Борис Федорович. Новгород. Деформация ; 1598-1605 ;  ; Ag ; VF- ; 20 ; DozorB ; 102 
 475 ; Копейка ; 1613-1645 ; Михаил Федорович Московский ден.двор ; Ag ; F-VF ; 8 ; Vibel ; 34 
 476 ; Копейка ; 1613-1645 ; Михаил Федорович Московский ден.двор ; Ag ; VF- ; 15 ; Vibel ; 32 
 477 ; Денга ; 1462-1505 ; Иван III Васильевич ; Ag ; VF ; 38 ; Al0851 ; 102 
 478 ; Денга. Деформация ; 1462-1505 ; Иван III Васильевич ; Ag ; F-VF ; 35 ; ur_adamov ; 75 
 479 ; Денга ; 1505-1533 ; Василий III Иванович ; Ag ; VF- ; 44 ; ur_adamov ; 85 
 480 ; Копейка ; 1533-1584 ; Иван IV Васильевич. Новгородский денежный двор ; Ag ; F-VF ; 21 ; Vibel ; 35 
 481 ; Копейка ; 1533-1584 ; Иван IV Васильевич. Псковский денежный двор ; Ag ; F-VF ; 12 ; F@NT0M ; 34 
 482 ; Копейка ; 1598-1605 ; Борис  Годунов Московский ден.двор ; Ag ; VF- ; 15 ; Sterh ; 46 
 483 ; Копейка ; 1613-1645 ; Михаил Федорович Московский ден.двор ; Ag ; F-VF ; 11 ; Vibel ; 43 
 484 ; Копейка ; 1613-1645 ; Михаил Федорович Московский ден.двор ; Ag ; VF- ; 19 ; Vibel ; 42 
 485 ; Копейка ; 1682-1696 ; Петр Алексеевич ; Ag ; F-VF ; 13 ; Vibel ; 37 
 486 ; Пуло ; XV в ; Великое Княжество Тверское ; Cu ; F ; 88 ; eres ; 1766 
 487 ; Пуло ; XV в ; Великое Княжество Тверское ; Cu ; F ; 137 ; peck ; 1479 
 488 ; Пуло ; XV в ; Великое Княжество Тверское ; Cu ; VG ; 109 ; Nejdan ; 239 
 489 ; Пуло ; XV в ; Великое Княжество Тверское ; Cu ; VG ; 17 ; droopy ; 527 
 490 ; Пуло ; XV в ; Великое Княжество Тверское ; Cu ; F ; 69 ; Vibel ; 218 
 491 ; Дирхем. Золотая Орда, Гюлистан. Хан Бердибек ; 759г.х. ;  ; Ag ; F-VF ; 114 ; eres ; 806 
 492 ; Пул. Золотая Орда. Узбек ; 737 лх 1336-1337 ;  ; Cu ; F ; 53 ; F@NT0M ; 59 
 493 ; Пул. Золотая Орда. Джанибек ; 1350-е ;  ; Cu ; F ; 48 ; Al0851 ; 51 
 494 ; Пул. Золотая Орда ;  ;  ; Cu ; F+ ; 31 ; zoom30 ; 153 
 517 ; Денарий. Рим Республика. М-3,93г ; 123 г до нэ ;  ; Ag ; VF ; 121 ; eres ; 8007 
 518 ; Монета античная. М-5,36гр ;  ;  ; Cu ; F-VF ; 66 ; aldor ; 795 
 519 ; Монета-дельфин (1/25 обола). Ольвия ; 4-5 вв до н.э. ;  ; Cu ; VG ; 36 ; aldor ; 141 
 520 ; Монета. Готы. Подражание. Идущий Марс. М-1,4г ; 3 век ;  ; Cu ; F ; 125 ; eres ; 2874 
 521 ; Талер. Саксония ; 1601 ;  ; Ag ; VF ; 14 ; serg2010 ; 9116 
 522 ; Талер. Саксония. Гурт возможно удалена напайка ; 1613 ;  ; Ag ; F-VF ; 7 ; tau ; 7728 
 523 ; Денарий. Австрия, Эбергард II ; 1200-1246 ;  ; Ag ; F-VF ; 58 ; Taptun ; 1020 
 524 ; Денарий. Австрия, Эбергард II ; 1200-1246 ;  ; Ag ; VF ; 124 ; ксай ; 2567 
 525 ; 3 крейцера. Зальцбург. М-1,64г ; 1687 ;  ; Ag ; VF+ ; 77 ; murka1973 ; 1428 
 526 ; Монета средневековая. Венгрия, Бела II ; 1172-1196 ;  ; Cu ; F-VF ; 28 ; eres ; 1734 
 527 ; Полторак. Польша, Сигизмунд III ; 1623 ;  ; Ag ; VF- ; 48 ; aldor ; 102 
 528 ; Солид. Рига ; XVII в ;  ; Ag ; VF- ; 67 ; aldor ; 101 
 529 ; Солид. Литва ; 1623 ;  ; Ag ; F-VF ; 67 ; aldor ; 101 
 530 ; Солид. Рига, Кристина ; XVII в ;  ; Ag ; F-VF ; 72 ; Harder ; 153 
 531 ; Полторак. Польша, Сигизмунд III ; 1626 ;  ; Ag ; F-VF ; 22 ; aldor ; 140 
 410 ; Денга ; 1533-1584 ; Иван IV Васильевич. Тверской денежный двор ; Ag ; VF- ; 25 ; eres ; 97 
 411 ; Денга ; 1533-1584 ; Иван IV Васильевич ; Ag ; VF ; 17 ; eres ; 110 
 412 ; Денга ; 1533-1584 ; Иван IV Васильевич. Тверской денежный двор ; Ag ; VF+ ; 55 ; Antromis ; 472 
 413 ; Копейка ; 1584-1598 ; Федор Иванович Новгородский денежный двор ; Ag ; VF-XF ; 21 ; F@NT0M ; 172 
 414 ; Копейка ; 1584-1598 ; Федор Иванович Новгородский денежный двор ; Ag ; F-VF ; 6 ; №18 ; 62 
 415 ; Копейка ; 1584-1598 ; Федор Иванович Новгородский денежный двор ; Ag ; VF- ; 9 ; Al0851 ; 40 
 416 ; Копейка ; 1584-1598 ; Федор Иванович Новгородский денежный двор ; Ag ; VF ; 20 ; Vibel ; 48 
 417 ; Копейка ; 1584-1598 ; Федор Иванович ; Ag ; VF- ; 19 ; Vibel ; 48 
 418 ; Копейка ; 1584-1598 ; Федор Иванович ; Ag ; VF ; 34 ; F@NT0M ; 79 
 419 ; Копейка ; 1584-1598 ; Федор Иванович Псковский денежный двор ; Ag ; VF ; 43 ; Vibel ; 63 
 420 ; Копейка ; 1584-1598 ; Федор Иванович Псковский денежный двор ; Ag ; VF- ; 23 ; Vibel ; 51 
 421 ; Копейка ; 1584-1598 ; Федор Иванович Псковский денежный двор ; Ag ; VF ; 21 ; Vibel ; 51 
 422 ; Денга ; 1584-1598 ; Федор Иванович ; Ag ; F-VF ; 15 ; Al0851 ; 67 
 423 ; Денга ; 1584-1598 ; Федор Иванович ; Ag ; F-VF ; 24 ; himak ; 72 
 424 ; Копейка ; 1598-1605 ; Борис  Годунов Московский ден.двор ; Ag ; F-VF ; 30 ; ur_adamov ; 90 
 425 ; Копейка ; 1598-1605 ; Борис  Годунов Московский ден.двор ; Ag ; VF ; 44 ; eres ; 153 
 426 ; Копейка ; 1598-1605 ; Борис  Годунов Московский ден.двор ; Ag ; VF- ; 25 ; zoom30 ; 75 
 427 ; Копейка ; 1598-1605 ; Борис  Годунов Московский ден.двор ; Ag ; VF ; 57 ; eres ; 357 
 428 ; Копейка ; 1598-1605 ; Борис  Годунов Московский ден.двор ; Ag ; VF ; 25 ; ur_adamov ; 219 
 429 ; Копейка ; 1598-1605 ; Борис  Годунов Московский ден.двор ; Ag ; VF+ ; 15 ; Оттар ; 204 
 430 ; Копейка ; 1598-1605 ; Борис  Годунов Московский ден.двор ; Ag ; VF+ ; 11 ; zoom30 ; 215 
 431 ; Копейка ; 1598-1605 ; Борис  Годунов Московский ден.двор ; Ag ; VF+ ; 42 ; порт ; 114 
 432 ; Копейка ; 1598-1605 ; Борис  Годунов Московский ден.двор ; Ag ; VF+ ; 40 ; ur_adamov ; 104 
 433 ; Копейка ; 1598-1605 ; Борис  Годунов Московский ден.двор ; Ag ; VF ; 87 ; himak ; 255 
 434 ; Копейка ; 1598-1605 ; Борис Годунов Псковский ден.двор ; Ag ; VF+ ; 37 ; eres ; 327 
 435 ; Копейка ; 1598-1605 ; Борис Годунов Псковский ден.двор ; Ag ; VF- ; 23 ; Vibel ; 56 
 436 ; Копейка ; 1606-1610 ; Василий Шуйский Московский ден.двор ; Ag ; VF+ ; 46 ; Гостев ; 487 
 437 ; Копейка ; 1606-1610 ; Василий Шуйский Московский ден.двор ; Ag ; F+ ; 56 ; №18 ; 275 
 438 ; Копейка ; 1606-1610 ; Василий Шуйский Московский ден.двор ; Ag ; F-VF ; 23 ; mamont ; 161 
 439 ; Копейка ; 1606-1610 ; Василий Шуйский Московский ден.двор ; Ag ; VF+ ; 21 ; himak ; 283 
 440 ; Копейка ; 1676-1682 ; Федор Алексеевич ; Ag ; VF- ; 32 ; andorf ; 303 
 441 ; Копейка ; после 1696 ; Петр Алексеевич ; Ag ; F-VF ; 28 ; ВММ ; 80 
 442 ; Копейка ; после 1696 ; Петр Алексеевич ; Ag ; VF- ; 19 ; ZOLTAN333 ; 80 
 443 ; Копейка ; после 1696 ; Петр Алексеевич ; Ag ; F-VF ; 19 ; ifvfy_2008 ; 73 
 444 ; Копейка ; после 1696 ; Петр Алексеевич ; Ag ; VF ; 13 ; eres ; 120 
 445 ; Денга. Василий Васильевич Темный ; 1425-1462 ;  ; Ag ; VF ; 114 ; himak ; 1999 
 446 ; Денга ; 1462-1505 ; Иван III Васильевич ; Ag ; VF- ; 42 ; eres ; 267 
 447 ; Денга ; 1462-1505 ; Иван III Васильевич ; Ag ; F+ ; 16 ; Al0851 ; 31 
 448 ; Денга ; 1462-1505 ; Иван III Васильевич ; Ag ; F+ ; 11 ; Al0851 ; 51 
 449 ; Денга ; 1462-1505 ; Иван III Васильевич ; Ag ; VF- ; 30 ; eres ; 153 
 450 ; Копейка ; 1533-1584 ; Иван IV Васильевич. Новгородский денежный двор ; Ag ; VF+ ; 14 ; №18 ; 306 
 451 ; Мечевая копейка ; 1533-1584 ; Иван IV Васильевич ; Ag ; VF- ; 22 ; BST ; 153 
 452 ; Копейка ; 1533-1584 ; Иван IV Васильевич. Новгородский денежный двор ; Ag ; VF ; 23 ; mamont ; 110 
 453 ; Копейка ; 1584-1598 ; Федор Иванович ; Ag ; VF ; 29 ; mamont ; 91 
 454 ; Копейка ; 1584-1598 ; Федор Иванович Новгородский денежный двор ; Ag ; VF+ ; 15 ; himak ; 456 
 455 ; Копейка ; 1584-1598 ; Федор Иванович Псковский денежный двор ; Ag ; VF ; 11 ; ur_adamov ; 114 
 456 ; Денга ; 1584-1598 ; Федор Иванович ; Ag ; VF- ; 15 ; Al0851 ; 92 
 457 ; Копейка ; 1598-1605 ; Борис  Годунов Московский ден.двор ; Ag ; VF ; 80 ; eres ; 295 
 458 ; Копейка ; 1606-1610 ; Василий Шуйский Московский ден.двор ; Ag ; VF ; 45 ; andorf ; 588 
 459 ; Копейка ; 1610-1612 ; Владислав Жигимонтович Московский ден.двор ; Ag ; VF- ; 79 ; Зелибоба ; 524 
 357 ; Полушка ; 1738 ; Орёл 1730 г. ; Cu ; F-VF ; 29 ; ZET ; 123 
 358 ; Полушка ; 1768 ; ЕМ ; Cu ; F-VF ; 58 ; asparagus ; 181 
 359 ; Полушка ; 1779 ; КМ "Сибирь" ; Cu ; F+ ; 97 ; 11111 ; 801 
 360 ; Полушка (Петров-5р, Ильин-5р) ; 1793 ;  ; Cu ; F+ ; 89 ; SSK ; 5889 
 361 ; Полушка ; 1797 ; ЕМ ; Cu ; F-VF ; 51 ; Олег33 ; 661 
 362 ; Полушка ; 1857 ; ЕМ ; Cu ; F+ ; 65 ; dpb ; 512 
 363 ; 1/4 копейки ; 1877 ; СПБ ; Cu ; AU ; 82 ; _kit ; 2601 
 364 ; 1/4 копейки ; 1886 ; СПБ ; Cu ; XF- ; 131 ; Кеша ; 1625 
 365 ; 1/4 копейки ; 1896 ; СПБ ; Cu ; XF ; 38 ; RAF ; 1430 
 366 ; 1/4 копейки ; 1897 ; СПБ ; Cu ; AU ; 146 ; lelic ; 1409 
 367 ; 1/4 копейки ; 1899 ; СПБ ; Cu ; AU ; 70 ; Lynx-a ; 903 
 368 ; 1/4 копейки ; 1900 ; СПБ ; Cu ; AU ; 117 ; Оттар ; 1409 
 369 ; Мангир. Крым. Шахин-Гирей ; 1191лх(1777) ;  ; Cu ; VF- ; 62 ; SSK ; 612 
 370 ; 3 копейки "Оккупация" ; 1916А ;  ; Fe ; VF ; 61 ; fajyz ; 551 
 371 ; 3 копейки "Оккупация" ; 1916J ;  ; Fe ; VF-XF ; 26 ; fajyz ; 530 
 372 ; 2 пара-3 копейки ; 1772-1774 ;  ; Cu ; F ; 36 ; Добрый молодец ; 691 
 373 ; 5 пенни ; 1915 ; Финляндия ; Cu ; XF- ; 21 ; Vibel ; 121 
 374 ; 5 пенни ; 1916 ; Финляндия ; Cu ; XF- ; 24 ; DVZ ; 143 
 375 ; 5 пенни ; 1917 ; Финляндия. Орёл ; Cu ; XF+ ; 36 ; DVZ ; 192 
 376 ; 1 пенни ; 1914 ; Финляндия ; Cu ; XF- ; 37 ; bv812 ; 148 
 377 ; 1 пенни ; 1915 ; Финляндия ; Cu ; VF-XF ; 19 ; Vibel ; 71 
 378 ; 1 пенни ; 1916 ; Финляндия ; Cu ; XF+ ; 25 ; MAGGMA ; 159 
 379 ; 1 пенни ; 1917 ; Финляндия ; Cu ; XF ; 55 ; Habar ; 271 
 380 ; Лот монет России: 2 коп (4шт) ; 1908-1915 ;  ; Cu ; F+/VF-XF ; 21 ; pww78 ; 120 
 381 ; Лот монет России: 5,1/2 коп, полушка (4шт) ; 1720-1912 ;  ; Cu ; F+ ; 33 ; кошак ; 1532 
 382 ; Лот монет России (3шт): 2 копейки, полушка ; 1799,1810,1718-1722 ;  ; Cu ; F/F+ ; 65 ; jagger ; 176 
 383 ; Лот монет России: денга (1731г-с одной чертой), копейка (5шт) ; 1731-1771 ;  ; Сu ; F/F+ ; 50 ; sonegr ; 1003 
 384 ; Лот монет России (2шт): 1 копейка ; 1801,1875 ;  ; Cu ; F-VF ; 27 ; Sergant ; 67 
 385 ; Лот монет России: 3,2,1 коп (3шт) ; 1757-1852 ;  ; Cu ; F+ ; 57 ; alz08 ; 104 
 386 ; Лот монет России: 5,2 коп (3шт) ; 1758,1810,1835 ;  ; Cu ; F+ ; 18 ; Lasto4kaSPB ; 568 
 387 ; Лот монет России (5шт): 3 копейки ; 1901-1915 ;  ; Cu ; F/F-VF ; 79 ; фёкла ; 110 
 388 ; Лот монет России: 2 коп (4шт) ; 1814-1820,182? ;  ; Cu ; F/F-VF ; 23 ; фёкла ; 90 
 389 ; Лот монет России (5шт): денга, полушка ; 1748-1899 ;  ; Cu ; VG/F-VF ; 37 ; yury64 ; 125 
 390 ; Лот из 2-х  слипшихся монет Копейки Петра Алексеевича и Денги 1737г ; 1689-1725,1737 ;  ; Cu,Ag ; F-VF ; 91 ; volod ; 128 
 394 ; Денга. Утеряна часть монеты ; 1420-1478 ; Великий Новгород ; Ag ; VF- ; 52 ; scaevola ; 2328 
 395 ; Денга. Суздальско-Нижегородское Великое кн-во. Князь Василий Дмитриевич ; 1387-1391 ;  ; Ag ; F-VF ; 50 ; himak ; 9310 
 396 ; Денга. Суздальско-Нижегородское Великое кн-во ; XV в ;  ; Ag ; F-VF ; 81 ; F@NT0M ; 699 
 397 ; Денга. Суздальско-Нижегородское Великое кн-во ; XV в ;  ; Ag ; VF ; 119 ; himak ; 2370 
 398 ; Денга ; 1425-1462 ; Василий Васильевич(Темный) ; Ag ; VF+ ; 62 ; ANK ; 638 
 399 ; Денга "Дозор". Иван III Васильевич ; 1462-1505 ;  ; Ag ; VF-XF ; 40 ; ANK ; 615 
 400 ; Копейка ; 1533-1584 ; Иван IV Васильевич. Новгородский денежный двор ; Ag ; VF+ ; 17 ; eres ; 392 
 401 ; Копейка ; 1533-1584 ; Иван IV Васильевич. Новгородский денежный двор ; Ag ; VF ; 26 ; eres ; 381 
 402 ; Мечевая копейка ; 1533-1584 ; Иван IV Васильевич ; Ag ; VF ; 28 ; eres ; 113 
 403 ; Копейка ; 1533-1584 ; Иван IV Васильевич. Новгородский денежный двор ; Ag ; VF+ ; 23 ; Ravak ; 101 
 404 ; Копейка ; 1533-1584 ; Иван IV Васильевич. Новгородский денежный двор ; Ag ; VF+ ; 14 ; BST ; 255 
 405 ; Копейка ; 1533-1584 ; Иван IV Васильевич. Псковский денежный двор ; Ag ; VF ; 22 ; imi ; 59 
 406 ; Копейка ; 1533-1584 ; Иван IV Васильевич. Псковский денежный двор ; Ag ; VF- ; 18 ; eres ; 69 
 407 ; Копейка ; 1533-1584 ; Иван IV Васильевич. Новгородский денежный двор ; Ag ; VF ; 22 ; Vibel ; 50 
 408 ; Копейка ; 1533-1584 ; Иван IV Васильевич. Псковский денежный двор ; Ag ; VF ; 15 ; Гостев ; 152 
 409 ; Денга ; 1533-1584 ; Иван IV Васильевич ; Ag ; VF- ; 56 ; himak ; 89 
 307 ; Денга ; 1735 ;  ; Cu ; F-VF ; 33 ; olga42 ; 132 
 308 ; Денга ; 1737 ;  ; Cu ; F-VF ; 24 ; astax88 ; 32 
 309 ; Денга ; 1738 ;  ; Cu ; F-VF ; 28 ; pww78 ; 85 
 310 ; Денга ; 1741 ;  ; Cu ; F-VF ; 23 ; MAGGMA ; 82 
 311 ; Денга ; 1745 ;  ; Cu ; F+ ; 27 ; валери ; 33 
 312 ; Денга ; 1748 ;  ; Cu ; F-VF ; 31 ; валери ; 75 
 313 ; Денга. Аверс/Реверс 10 градусов ; 1748 ;  ; Cu ; VF- ; 41 ; Andrei2007 ; 72 
 314 ; Денга ; 1749 ;  ; Cu ; F-VF ; 27 ; валери ; 41 
 315 ; Денга ; 1749 ;  ; Cu ; VF- ; 21 ; QQXA ; 41 
 316 ; Денга ; 1750 ;  ; Cu ; F-VF ; 18 ; валери ; 33 
 317 ; Денга ; 1752 ;  ; Cu ; F+ ; 25 ; sikachai ; 350 
 318 ; Денга ; 1753 ;  ; Cu ; F-VF ; 28 ; валери ; 72 
 319 ; Денга ; 1776 ; КМ "Сибирь" ; Cu ; F+ ; 45 ; 11111 ; 343 
 320 ; Денга ; 1779 ; КМ "Сибирь" ; Cu ; VF- ; 96 ; al69 ; 589 
 321 ; Денга (Ильин-1р) ; 1788 ; КМ ; Cu ; F+ ; 61 ; eugraphus ; 1194 
 322 ; Денга ; 1789 ; ЕМ ; Cu ; F-VF ; 59 ; asparagus ; 279 
 323 ; Денга (Петров-2,5р, Ильин-5р) ; 1792 ;  ; Cu ; F+ ; 38 ; кве ; 5836 
 324 ; Денга ; 1795 ; ЕМ ; Cu ; F-VF ; 25 ; bethowen ; 237 
 325 ; Деньга ; 1797 ; АМ ; Cu ; F-VF ; 77 ; ААФ ; 580 
 326 ; Деньга ; 1819 ; ЕМ НМ ; Cu ; VF- ; 21 ; Варт ; 407 
 327 ; Деньга ; 1819 ; ЕМ НМ ; Cu ; F+ ; 55 ; Олег33 ; 282 
 328 ; Деньга ; 1828 ; ЕМ ИК ; Cu ; F-VF ; 35 ; al69 ; 181 
 329 ; Денежка ; 1851 ; ЕМ ; Cu ; VF-XF ; 77 ; ZET ; 1328 
 330 ; Денежка ; 1853 ; ВМ ; Cu ; VF- ; 44 ; ghjwtcc ; 684 
 331 ; Денежка ; 1855 ; ЕМ ; Cu ; F-VF ; 37 ; karabas777 ; 160 
 332 ; Денежка ; 1855 ; ЕМ ; Cu ; VF ; 62 ; karabas777 ; 921 
 333 ; Денежка ; 1857 ; ЕМ ; Cu ; F+ ; 17 ; Сакович ; 101 
 334 ; Денежка ; 1859 ; ЕМ ; Cu ; F-VF ; 57 ; taa ; 255 
 335 ; Денежка ; 1861 ; ЕМ ; Cu ; F+ ; 54 ; taa ; 248 
 336 ; 1/2 копейки ; 1879 ; СПБ ; Cu ; XF- ; 44 ; кве ; 1445 
 337 ; 1/2 копейки ; 1897 ; СПБ ; Cu ; XF ; 42 ; BST ; 227 
 338 ; 1/2 копейки ; 1898 ; СПБ ; Cu ; XF/AU ; 66 ; BST ; 187 
 339 ; 1/2 копейки ; 1898 ; СПБ ; Cu ; VF+ ; 73 ; Сакович ; 140 
 340 ; 1/2 копейки ; 1899 ; СПБ ; Cu ; AU ; 38 ; Alexei ; 510 
 341 ; 1/2 копейки ; 1899 ; СПБ ; Cu ; VF+ ; 32 ; kergudu ; 93 
 342 ; 1/2 копейки ; 1899 ; СПБ ; Cu ; VF ; 21 ; grisha2401 ; 87 
 343 ; 1/2 копейки ; 1899 ; СПБ ; Cu ; F-VF ; 22 ; Sergant ; 37 
 344 ; 1/2 копейки ; 1909 ; СПБ ; Cu ; VF-XF ; 48 ; Vova6074 ; 92 
 345 ; 1/2 копейки ; 1911 ; СПБ ; Cu ; VF-XF ; 11 ; serg2010 ; 105 
 346 ; 1/2 копейки ; 1912 ; СПБ ; Cu ; AU ; 64 ; M1 ; 216 
 347 ; 1/2 копейки ; 1912 ; СПБ ; Cu ; XF+ ; 11 ; olga42 ; 100 
 348 ; 1/2 копейки ; 1912 ; СПБ ; Cu ; VF-XF ; 25 ; валери ; 102 
 349 ; 1/2 копейки ; 1912 ; СПБ ; Cu ; VF-XF ; 30 ; валери ; 79 
 350 ; 1/2 копейки ; 1913 ; СПБ ; Cu ; AU/XF ; 23 ; zuza ; 139 
 351 ; 1/2 копейки ; 1913 ; СПБ ; Cu ; VF-XF ; 41 ; Al0851 ; 102 
 352 ; 1/2 копейки ; 1913 ; СПБ ; Cu ; VF-XF ; 39 ; grisha2401 ; 95 
 353 ; 1/2 копейки ; 1914 ; СПБ ; Cu ; XF- ; 39 ; Vova6074 ; 143 
 354 ; 1/2 копейки ; 1915 ;  ; Cu ; XF+ ; 41 ; zuza ; 219 
 355 ; Полушка ; 1719 ; НД ; Cu ; F ; 33 ; breizh ; 204 
 356 ; Полушка ; 1731 ; Орёл 1730 г. ; Cu ; VF- ; 36 ; vvr ; 417 
 257 ; 2 копейки ; 1864 ; ЕМ ; Cu ; F-VF ; 31 ; ghjwtcc ; 543 
 258 ; 2 копейки ; 1903 ; СПБ ; Cu ; F-VF ; 41 ; Олег33 ; 153 
 259 ; 2 копейки ; 1913 ; СПБ ; Cu ; VF- ; 21 ; валери ; 100 
 260 ; 2 копейки ; 1916 ;  ; Cu ; XF- ; 77 ; hemiechinus ; 335 
 261 ; Копейка ; 1707 ; МД ; Cu ; VF- ; 48 ; SSK ; 1024 
 262 ; Копейка ; 1712 ; МД ; Cu ; F ; 42 ; Олег33 ; 466 
 263 ; Копейка ; 1712 ; ·Б·К· ; Cu ; F-VF ; 53 ; taa ; 918 
 264 ; Копейка ; 1757 ;  ; Cu ; F-VF ; 31 ; alex995 ; 74 
 265 ; Копейка ; 1758 ;  ; Cu ; F+ ; 24 ; astax88 ; 28 
 266 ; Копейка ; 1759 ;  ; Cu ; F+ ; 16 ; Света ; 102 
 267 ; Копейка ; 1760 ;  ; Cu ; F-VF ; 42 ; валери ; 58 
 268 ; Копейка ; 1761 ;  ; Cu ; F-VF ; 27 ; shknikolay ; 132 
 269 ; Копейка ; 1769 ; КМ "Сибирь" ; Cu ; F+ ; 52 ; volod ; 317 
 270 ; Копейка ; 1771 ; КМ "Сибирь" ; Cu ; VF- ; 64 ; gor ; 663 
 271 ; Копейка ; 1776 ; КМ "Сибирь" ; Cu ; VF ; 85 ; Недорого ; 594 
 272 ; Копейка ; 1779 ; КМ "Сибирь" ; Cu ; VF- ; 55 ; serg2010 ; 1022 
 273 ; Копейка ; 1788 ; ММ ; Cu ; F+ ; 80 ; al69 ; 453 
 274 ; Копейка ; 1789 ; ЕМ ; Cu ; F+ ; 37 ; RICH ; 159 
 275 ; Копейка ; 1790 ; ЕМ ; Cu ; F-VF ; 63 ; НЕТ МОЁ ; 459 
 276 ; Копейка ; 1795 ; ЕМ ; Cu ; F-VF ; 64 ; gor ; 408 
 277 ; Копейка ; 1796 ; ЕМ ; Cu ; F+ ; 11 ; валери ; 159 
 278 ; Копейка ; 1798 ; ЕМ ; Cu ; F-VF ; 25 ; Net ; 172 
 279 ; Копейка ; 1822 ; ЕМ ФГ ; Cu ; F-VF ; 90 ; vvr ; 327 
 280 ; Копейка ; 1823 ; ЕМ ФГ ; Cu ; F-VF ; 34 ; avc ; 128 
 281 ; Копейка ; 1828 ; КМ АМ ; Cu ; VF- ; 47 ; jagger ; 269 
 282 ; Копейка ; 1840 ; СПМ ; Cu ; F-VF ; 48 ; валери ; 79 
 283 ; Копейка ; 1842 ; СПМ ; Cu ; F+ ; 14 ; Funtik ; 250 
 284 ; Копейка ; 1853 ; ЕМ ; Cu ; F-VF ; 36 ; Funtik ; 200 
 285 ; Копейка ; 1854 ; ЕМ ; Cu ; F-VF ; 11 ; dimon46 ; 165 
 286 ; Копейка ; 1864 ; ЕМ ; Cu ; F+ ; 43 ; cboker ; 200 
 287 ; Копейка ; 1896 ; СПБ ; Cu ; F-VF ; 48 ; Vova6074 ; 213 
 288 ; Копейка ; 1897 ; СПБ ; Cu ; VF ; 33 ; lelic ; 100 
 289 ; Копейка ; 1897 ; СПБ ; Cu ; VF- ; 18 ; yrik ; 24 
 290 ; Копейка ; 1898 ; СПБ ; Cu ; F-VF ; 19 ; yrik ; 28 
 291 ; Копейка ; 1899 ; СПБ ; Cu ; VF- ; 11 ; molchun ; 50 
 292 ; Копейка ; 1901 ; СПБ ; Cu ; VF- ; 14 ; Vova6074 ; 32 
 293 ; Копейка ; 1903 ; СПБ ; Cu ; XF- ; 19 ; hemiechinus ; 186 
 294 ; Копейка ; 1904 ; СПБ ; Cu ; VF ; 44 ; acidorov ; 55 
 295 ; Копейка ; 1906 ; СПБ ; Cu ; F-VF ; 11 ; Vova6074 ; 20 
 296 ; Копейка ; 1908 ; СПБ ; Cu ; VF ; 17 ; imi ; 32 
 297 ; Копейка ; 1910 ; СПБ ; Cu ; VF- ; 12 ; SANGOLD1 ; 21 
 298 ; Копейка ; 1911 ; СПБ ; Cu ; VF ; 37 ; NatanZig ; 71 
 299 ; Копейка ; 1912 ; СПБ ; Cu ; VF+ ; 19 ; kosiak90 ; 40 
 300 ; Копейка ; 1913 ; СПБ ; Cu ; VF ; 14 ; SANGOLD1 ; 14 
 301 ; Копейка ; 1914 ; СПБ ; Cu ; VF-XF ; 20 ; kosiak90 ; 60 
 302 ; Копейка ; 1915 ;  ; Cu ; AU ; 44 ; _kit ; 102 
 303 ; Копейка ; 1915 ;  ; Cu ; VF+ ; 23 ; kosiak90 ; 36 
 304 ; Денга ; 1731 ;  ; Cu ; F-VF ; 22 ; фёкла ; 30 
 305 ; Денга ; 1731 ;  ; Cu ; F-VF ; 10 ; jagger ; 126 
 306 ; Денга ; 1735 ;  ; Cu ; F-VF ; 28 ; puhetd ; 85 
 207 ; 5 копеек ; 1793 ; ЕМ ; Cu ; VF ; 33 ; serg2010 ; 401 
 208 ; 5 копеек ; 1794 ; ЕМ ; Cu ; VF ; 17 ; RICH ; 363 
 209 ; 5 копеек ; 1794 ; АМ ; Cu ; F-VF ; 24 ; валери ; 400 
 210 ; 5 копеек ; 1794 ; ЕМ ; Cu ; VF- ; 69 ; serg2010 ; 403 
 211 ; 5 копеек ; 1794 ; ЕМ ; Cu ; VF ; 29 ; RICH ; 590 
 212 ; 5 копеек ; 1795 ; ЕМ ; Cu ; F+ ; 26 ; валери ; 222 
 213 ; 5 копеек ; 1795 ; ЕМ ; Cu ; VF ; 40 ; RICH ; 593 
 214 ; 5 копеек ; 1804 ; ЕМ ; Cu ; F-VF ; 90 ; Lasto4kaSPB ; 1028 
 215 ; 5 копеек ; 1832 ; ЕМ ФХ ; Cu ; VF- ; 67 ; ramik321 ; 939 
 216 ; 5 копеек ; 1835 ; ЕМ ФХ ; Cu ; F-VF ; 76 ; sikachai ; 379 
 217 ; 5 копеек ; 1911 ; СПБ ; Cu ; XF- ; 71 ; SSK ; 1020 
 218 ; 3 копейки ; 1899 ; СПБ ; Cu ; F-VF ; 46 ; alz08 ; 340 
 219 ; 3 копейки ; 1900 ; СПБ ; Cu ; F-VF ; 31 ; Олег33 ; 1020 
 220 ; 3 копейки ; 1913 ; СПБ ; Cu ; F-VF ; 24 ; pww78 ; 62 
 221 ; 2 копейки ; 1757 ; Номинал под гербом ; Cu ; F-VF ; 97 ; BST ; 357 
 222 ; 2 копейки ; 1769 ; ЕМ ; Cu ; VF- ; 76 ; al69 ; 203 
 223 ; 2 копейки ; 1790 ; ЕМ ; Cu ; F-VF ; 48 ; elpohit ; 352 
 224 ; 2 копейки ; 1796 ; ЕМ ; Cu ; F+ ; 53 ; dimon46 ; 475 
 225 ; 2 копейки ; 1797 ; КМ ; Cu ; F+ ; 53 ; santan93 ; 365 
 226 ; 2 копейки ; 1798 ; КМ ; Cu ; F+ ; 46 ; elpohit ; 350 
 227 ; 2 копейки ; 1798 ; КМ ; Cu ; F-VF ; 62 ; Джейк ; 343 
 228 ; 2 копейки ; 1800 ; ЕМ ; Cu ; F-VF ; 13 ; валери ; 125 
 229 ; 2 копейки ; 1801 ; ЕМ ; Cu ; F-VF ; 13 ; валери ; 121 
 230 ; 2 копейки ; 1801 ; КМ ; Cu ; F-VF ; 43 ; elpohit ; 365 
 231 ; 2 копейки ; 1810 ; ЕМ НМ ; Cu ; VF ; 56 ; Олег2401 ; 220 
 232 ; 2 копейки ; 1810 ; ЕМ НМ ; Cu ; VF- ; 60 ; 121974 ; 214 
 233 ; 2 копейки ; 1810 ; ЕМ НМ ; Cu ; VF+ ; 38 ; RAF ; 616 
 234 ; 2 копейки ; 1810 ; ЕМ НМ ; Cu ; F-VF ; 67 ; Олег2401 ; 200 
 235 ; 2 копейки ; 1810 ; ЕМ НМ ; Cu ; VF- ; 76 ; RICH ; 245 
 236 ; 2 копейки ; 1810 ; ЕМ НМ ; Cu ; F+ ; 20 ; RICH ; 254 
 237 ; 2 копейки ; 1810 ; ЕМ НМ ; Cu ; VF- ; 63 ; al69 ; 733 
 238 ; 2 копейки ; 1810 ; КМ ; Cu ; F-VF ; 78 ; al69 ; 296 
 239 ; 2 копейки ; 1811 ; КМ ПБ ; Cu ; F+ ; 50 ; RICH ; 353 
 240 ; 2 копейки ; 1812 ; ЕМ НМ ; Cu ; F+ ; 11 ; RICH ; 37 
 241 ; 2 копейки ; 1812 ; КМ АМ ; Cu ; F+ ; 26 ; jagger ; 237 
 242 ; 2 копейки ; 1812 ; СПБ ПС ; Cu ; F-VF ; 23 ; RICH ; 159 
 243 ; 2 копейки ; 1812 ; ИМ ПС ; Cu ; F+ ; 25 ; валери ; 37 
 244 ; 2 копейки ; 1813 ; ЕМ НМ ; Cu ; VF ; 53 ; ssstri ; 76 
 245 ; 2 копейки ; 1813 ; ЕМ НМ ; Cu ; F-VF ; 18 ; валери ; 37 
 246 ; 2 копейки ; 1813 ; КМ АМ ; Cu ; VF- ; 45 ; ZET ; 177 
 247 ; 2 копейки ; 1814 ; ЕМ НМ ; Cu ; F-VF ; 24 ; Dron67 ; 35 
 248 ; 2 копейки ; 1817 ; КМ АМ ; Cu ; F-VF ; 17 ; vvr ; 306 
 249 ; 2 копейки ; 1818 ; КМ ДБ ; Cu ; F-VF ; 48 ; vvr ; 320 
 250 ; 2 копейки ; 1820 ; КМ АД ; Cu ; F-VF ; 34 ; ZET ; 131 
 251 ; 2 копейки ; 1822 ; ЕМ ФГ ; Cu ; F-VF ; 41 ; sikachai ; 199 
 252 ; 2 копейки ; 1827 ; ЕМ ИК ; Cu ; F-VF ; 33 ; Сакович ; 132 
 253 ; 2 копейки ; 1838 ; ЕМ НА ; Cu ; F+ ; 23 ; Andrei2007 ; 220 
 254 ; 2 копейки ; 1838 ; СМ ; Cu ; F-VF ; 53 ; jagger ; 306 
 255 ; 2 копейки ; 1860 ; ЕМ ; Cu ; VF ; 48 ; Олег33 ; 389 
 256 ; 2 копейки ; 1862 ; ВМ ; Cu ; F+ ; 129 ; sonegr ; 1357 
 157 ; Лот монет России (4шт): 20к,10к ; 1904-1915 ;  ; Ag ; F-VF/XF ; 28 ; twister174 ; 386 
 158 ; Лот монет России: 10 коп (3шт) ; 1912,1913,1914 ;  ; Ag ; VF-/VF+ ; 59 ; 4747 ; 329 
 159 ; 10 копеек ; 1774 ; КМ "Сибирь" ; Cu ; VF- ; 79 ; ВДВ ; 4452 
 160 ; 10 копеек ; 1837 ; ЕМ КТ ; Cu ; VF- ; 50 ; кве ; 1530 
 161 ; 5 копеек ; 1758 ;  ; Cu ; F+ ; 7 ; yury64 ; 153 
 162 ; 5 копеек ; 1759 ;  ; Cu ; F+ ; 5 ; Chagall ; 150 
 163 ; 5 копеек ; 1759 ;  ; Cu ; F-VF ; 19 ; Chagall ; 150 
 164 ; 5 копеек ; 1769 ; ЕМ ; Cu ; VF- ; 47 ; RICH ; 383 
 165 ; 5 копеек ; 1769 ; ЕМ ; Cu ; VF ; 71 ; olga42 ; 980 
 166 ; 5 копеек ; 1770 ; ЕМ ; Cu ; VF+ ; 46 ; RICH ; 495 
 167 ; 5 копеек ; 1770 ; ЕМ ; Cu ; F-VF ; 25 ; Vibel ; 155 
 168 ; 5 копеек ; 1772 ; ЕМ ; Cu ; F-VF ; 18 ; obr73 ; 296 
 169 ; 5 копеек ; 1773 ; ЕМ ; Cu ; VF- ; 54 ; Vibel ; 260 
 170 ; 5 копеек ; 1774 ; ЕМ ; Cu ; VF ; 20 ; al69 ; 532 
 171 ; 5 копеек ; 1775 ; ЕМ ; Cu ; VF- ; 28 ; RICH ; 521 
 172 ; 5 копеек ; 1776 ; ЕМ ; Cu ; F-VF ; 26 ; валери ; 308 
 173 ; 5 копеек ; 1776 ; КМ "Сибирь" ; Cu ; F-VF ; 47 ; santan93 ; 1622 
 174 ; 5 копеек ; 1777 ; ЕМ ; Cu ; VF+ ; 106 ; 11111 ; 425 
 175 ; 5 копеек ; 1778 ; КМ "Сибирь" ; Cu ; VF- ; 64 ; shknikolay ; 2550 
 176 ; 5 копеек ; 1780 ; ЕМ ; Cu ; F-VF ; 42 ; RICH ; 241 
 177 ; 5 копеек ; 1780 ; ЕМ ; Cu ; VF- ; 16 ; obr73 ; 235 
 178 ; 5 копеек ; 1780 ; ЕМ ; Cu ; VF ; 17 ; RICH ; 313 
 179 ; 5 копеек ; 1783 ; ЕМ ; Cu ; VF- ; 47 ; Lasto4kaSPB ; 279 
 180 ; 5 копеек ; 1783 ; ЕМ ; Cu ; F-VF ; 34 ; валери ; 180 
 181 ; 5 копеек ; 1784 ; ЕМ ; Cu ; VF ; 19 ; taa ; 319 
 182 ; 5 копеек ; 1785 ; ЕМ ; Cu ; F-VF ; 25 ; RICH ; 239 
 183 ; 5 копеек ; 1785 ; ЕМ ; Cu ; VF ; 19 ; ghjwtcc ; 1111 
 184 ; 5 копеек ; 1785 ; ЕМ ; Cu ; VF ; 9 ; кs ; 273 
 185 ; 5 копеек ; 1785 ; ЕМ ; Cu ; VF ; 7 ; Vibel ; 255 
 186 ; 5 копеек ; 1786 ; ЕМ ; Cu ; VF- ; 14 ; Vibel ; 257 
 187 ; 5 копеек ; 1786 ; ЕМ ; Cu ; VF- ; 29 ; taa ; 292 
 188 ; 5 копеек ; 1786 ; ЕМ ; Cu ; VF- ; 24 ; elpohit ; 275 
 189 ; 5 копеек ; 1787 ; ЕМ ; Cu ; F-VF ; 21 ; валери ; 278 
 190 ; 5 копеек ; 1787 ; ЕМ ; Cu ; VF- ; 33 ; кs ; 434 
 191 ; 5 копеек ; 1787 ; ЕМ ; Cu ; VF- ; 25 ; валери ; 383 
 192 ; 5 копеек ; 1787 ; ЕМ ; Cu ; VF ; 18 ; vvr ; 312 
 193 ; 5 копеек ; 1788 ; ЕМ ; Cu ; VF ; 41 ; RICH ; 735 
 194 ; 5 копеек ; 1788 ; ЕМ ; Cu ; VF+ ; 93 ; RICH ; 419 
 195 ; 5 копеек. М-62,57гр ; 1788 ; ЕМ ; Cu ; VF- ; 23 ; sobiranel ; 408 
 196 ; 5 копеек ; 1788 ; ЕМ ; Cu ; VF+ ; 7 ; Vibel ; 255 
 197 ; 5 копеек ; 1788 ; ЕМ ; Cu ; VF ; 7 ; Vibel ; 255 
 198 ; 5 копеек ; 1788 ; ЕМ ; Cu ; VF ; 9 ; Rjn ; 273 
 199 ; 5 копеек ; 1788 ; ЕМ ; Cu ; VF+ ; 21 ; RICH ; 297 
 200 ; 5 копеек ; 1788 ; ЕМ ; Cu ; VF- ; 27 ; elpohit ; 352 
 201 ; 5 копеек ; 1789 ; ЕМ ; Cu ; VF ; 37 ; RICH ; 465 
 202 ; 5 копеек ; 1788 ; ЕМ ; Cu ; VF ; 23 ; RICH ; 468 
 203 ; 5 копеек ; 1791 ; АМ ; Cu ; VF-/F+ ; 49 ; Lasto4kaSPB ; 516 
 204 ; 5 копеек ; 1793 ; ЕМ ; Cu ; VF ; 24 ; elpohit ; 340 
 205 ; 5 копеек ; 1793 ; ЕМ ; Cu ; VF- ; 41 ; serg2010 ; 386 
 206 ; 5 копеек ; 1793 ; ЕМ ; Cu ; VF ; 30 ; RAF ; 499 
 107 ; 10 копеек ; 1902 ; СПБ АР ; Ag ; F-VF ; 54 ; Сакович ; 245 
 108 ; 10 копеек ; 1908 ; СПБ ЭБ ; Ag ; VF ; 49 ; FEDOTOV1920 ; 181 
 109 ; 10 копеек ; 1909 ; СПБ ЭБ ; Ag ; AU/XF ; 46 ; DmitryA ; 355 
 110 ; 10 копеек ; 1910 ; СПБ ЭБ ; Ag ; VF ; 45 ; kosiak90 ; 165 
 111 ; 10 копеек ; 1912 ; СПБ ЭБ ; Ag ; VF+ ; 39 ; kosiak90 ; 128 
 112 ; 10 копеек ; 1914 ; СПБ ВС ; Ag ; AU/XF ; 13 ; acidorov ; 155 
 113 ; 10 копеек ; 1915 ; ВС ; Ag ; AU/XF ; 3 ; юдис ; 102 
 114 ; 10 копеек ; 1915 ; ВС ; Ag ; AU ; 36 ; twister174 ; 134 
 115 ; 10 копеек ; 1915 ; ВС ; Ag ; AU ; 58 ; Sergant ; 132 
 116 ; 10 копеек. Разновидность ; 1915 ; ВС ; Ag ; XF+ ; 72 ; кве ; 225 
 117 ; 10 копеек ; 1916 ; ВС ; Ag ; AU ; 85 ; denvers78 ; 164 
 118 ; 5 копеек. Отверстие ; 1757 ; СПБ ; Ag ; F-VF ; 113 ; alek99 ; 415 
 119 ; 5 копеек ; 1758 ; СПБ ; Ag ; VF- ; 54 ; Lasto4kaSPB ; 1287 
 120 ; 5 копеек ; 1815 ; СПБ МФ ; Ag ; VF ; 52 ; Rober ; 267 
 121 ; 5 копеек ; 1816 ; СПБ МФ ; Ag ; VF ; 49 ; al69 ; 452 
 122 ; 5 копеек ; 1823 ; СПБ ПД ; Ag ; VF- ; 46 ; val40 ; 226 
 123 ; 5 копеек ; 1836? ; СПБ НГ ; Ag ; VF+/VF- ; 26 ; twister174 ; 111 
 124 ; 5 копеек ; 1851 ; СПБ ПА ; Ag ; VF+ ; 38 ; Ходор ; 1369 
 125 ; 5 копеек ; 1854 ; СПБ HI ; Ag ; VF+ ; 41 ; serg2010 ; 1266 
 126 ; 5 копеек ; 1862 ; СПБ МИ ; Ag ; VF-XF ; 60 ; Lynx-a ; 1683 
 127 ; 5 копеек ; 1870 ; СПБ HI ; Ag ; F-VF ; 44 ; geracon2009 ; 372 
 128 ; 5 копеек ; 1882 ; СПБ НФ ; Ag ; XF+ ; 42 ; serg2010 ; 828 
 129 ; 5 копеек ; 1884 ; СПБ АГ ; Ag ; AU ; 81 ; Antromis ; 1281 
 130 ; 5 копеек ; 1885 ; СПБ АГ ; Ag ; VF- ; 71 ; каламбур ; 370 
 131 ; 5 копеек ; 1887 ; СПБ АГ ; Ag ; VF+ ; 35 ; jimmysu ; 313 
 132 ; 5 копеек ; 1888 ; СПБ АГ ; Ag ; XF+ ; 100 ; кве ; 906 
 133 ; 5 копеек ; 1890 ; СПБ АГ ; Ag ; AU ; 93 ; serg2010 ; 939 
 134 ; 5 копеек ; 1891 ; СПБ АГ ; Ag ; XF ; 55 ; Chagall ; 753 
 135 ; 5 копеек ; 1892 ; СПБ АГ ; Ag ; AU ; 26 ; Antromis ; 885 
 136 ; 5 копеек ; 1893 ; СПБ АГ ; Ag ; VF- ; 49 ; acidorov ; 240 
 137 ; 5 копеек ; 1898 ; СПБ АГ ; Ag ; VF ; 50 ; USS ; 459 
 138 ; 5 копеек ; 1899 ; СПБ АГ ; Ag ; AU ; 53 ; konkurs10610 ; 1565 
 139 ; 5 копеек ; 1902 ; СПБ АР ; Ag ; XF- ; 49 ; Mart_11 ; 602 
 140 ; 5 копеек ; 1905 ; СПБ АР ; Ag ; AU ; 112 ; serg2010 ; 606 
 141 ; 5 копеек ; 1905 ; СПБ АР ; Ag ; XF+ ; 45 ; jimmysu ; 368 
 142 ; 5 копеек ; 1908 ; СПБ ЭБ ; Ag ; VF- ; 17 ; USS ; 459 
 143 ; 5 копеек ; 1909 ; СПБ ЭБ ; Ag ; VF- ; 41 ; USS ; 661 
 144 ; 5 копеек ; 1910 ; СПБ ЭБ ; Ag ; VF- ; 53 ; USS ; 510 
 145 ; 5 копеек ; 1911 ; СПБ ЭБ ; Ag ; VF-XF ; 39 ; cond ; 585 
 146 ; 5 копеек ; 1912 ; СПБ ЭБ ; Ag ; VF- ; 54 ; Сакович ; 326 
 147 ; 5 копеек ; 1913 ; СПБ ВС ; Ag ; AU/XF ; 51 ; Alexei ; 872 
 148 ; 5 копеек ; 1914 ; СПБ ВС ; Ag ; AU ; 63 ; lelic ; 1552 
 149 ; 5 копеек ; 1915 ; ВС ; Ag ; XF/AU ; 50 ; lelic ; 1530 
 150 ; 50 пенни ; 1916 ; S Финляндия ; Ag ; AU/XF ; 25 ; obr73 ; 251 
 151 ; 50 пенни ; 1917 ; S Финляндия. Без короны ; Ag ; AU/XF ; 36 ; obr73 ; 208 
 152 ; 25 пенни ; 1916 ; S Финляндия ; Ag ; AU/XF ; 28 ; obr73 ; 186 
 153 ; 25 пенни ; 1917 ; S Финляндия. Без короны ; Ag ; AU/XF ; 44 ; twister174 ; 176 
 154 ; Лот монет России: 25,10 коп (2шт) ; 1765,1911 ;  ; Ag ; F/VF-XF ; 60 ; raise ; 455 
 155 ; Лот монет России: 25,20,15 коп (3шт). На одной монете отверстие ; 1847,1912,1914 ;  ; Ag ; F+/F-VF ; 63 ; Sergant ; 234 
 156 ; Лот монет России: 20,15 коп (4шт) ; 1908-1914 ;  ; Ag ; VF ; 45 ; 4747 ; 433 
 57 ; 20 копеек ; 1876 ; СПБ HI ; Ag ; F-VF ; 46 ; dimon46 ; 230 
 58 ; 20 копеек ; 1881 ; СПБ НФ ; Ag ; F-VF ; 19 ; валери ; 233 
 59 ; 20 копеек ; 1884 ; СПБ АГ ; Ag ; F+ ; 24 ; валери ; 230 
 60 ; 20 копеек ; 1893 ; СПБ АГ ; Ag ; F-VF ; 7 ; валери ; 209 
 61 ; 20 копеек ; 1905 ; СПБ АР ; Ag ; VF+ ; 32 ; konst ; 408 
 62 ; 20 копеек ; 1906 ; СПБ ЭБ ; Ag ; F-VF ; 35 ; валери ; 251 
 63 ; 20 копеек ; 1907 ; СПБ ЭБ ; Ag ; VF ; 34 ; валери ; 199 
 64 ; 20 копеек ; 1907 ; СПБ ЭБ ; Ag ; VF+ ; 43 ; Chagall ; 282 
 65 ; 20 копеек ; 1908 ; СПБ ЭБ ; Ag ; VF-XF ; 18 ; USS ; 408 
 66 ; 20 копеек ; 1910 ; СПБ ЭБ ; Ag ; VF-XF ; 34 ; cond ; 261 
 67 ; 20 копеек ; 1911 ; СПБ ЭБ ; Ag ; XF- ; 61 ; Соколов ; 310 
 68 ; 20 копеек ; 1912 ; СПБ ЭБ ; Ag ; XF- ; 25 ; валери ; 225 
 69 ; 20 копеек ; 1913 ; СПБ ВС ; Ag ; XF ; 44 ; Chagall ; 177 
 70 ; 20 копеек ; 1914 ; СПБ ВС ; Ag ; XF ; 12 ; валери ; 128 
 71 ; 20 копеек ; 1914 ; СПБ ВС ; Ag ; XF+ ; 39 ; валери ; 155 
 72 ; 20 копеек ; 1914 ; СПБ ВС ; Ag ; XF+ ; 17 ; юдис ; 131 
 73 ; 20 копеек ; 1914 ; СПБ ВС ; Ag ; AU/XF ; 8 ; валери ; 155 
 74 ; 20 копеек ; 1914 ; СПБ ВС ; Ag ; VF-XF ; 10 ; валери ; 104 
 75 ; 20 копеек ; 1914 ; СПБ ВС ; Ag ; XF+ ; 11 ; юдис ; 107 
 76 ; 20 копеек ; 1915 ; ВС ; Ag ; AU ; 17 ; Sergant ; 129 
 77 ; 20 копеек ; 1915 ; ВС ; Ag ; XF+ ; 16 ; валери ; 126 
 78 ; 20 копеек ; 1915 ; ВС ; Ag ; AU ; 3 ; Dron67 ; 115 
 79 ; 20 копеек ; 1915 ; ВС ; Ag ; AU ; 9 ; волга ; 121 
 80 ; 20 копеек ; 1915 ; ВС ; Ag ; XF+ ; 11 ; Dron67 ; 114 
 81 ; 20 копеек ; 1915 ; ВС ; Ag ; XF+ ; 13 ; волга ; 111 
 82 ; 15 копеек-1 злотый ; 1833 ; НГ Рус.-Пол. ; Ag ; F-VF ; 30 ; avc ; 479 
 83 ; 15 копеек ; 1871 ; СПБ HI ; Ag ; VF+ ; 54 ; taa ; 459 
 84 ; 15 копеек ; 1893 ; СПБ АГ ; Ag ; VF-XF ; 129 ; serg2010 ; 488 
 85 ; 15 копеек ; 1897 ; СПБ АГ ; Ag ; F-VF ; 34 ; Vova6074 ; 279 
 86 ; 15 копеек ; 1901 ; СПБ АР ; Ag ; F-VF ; 48 ; Vova6074 ; 229 
 87 ; 15 копеек ; 1906 ; СПБ ЭБ ; Ag ; VF+ ; 19 ; bv812 ; 223 
 88 ; 15 копеек ; 1908 ; СПБ ЭБ ; Ag ; VF- ; 33 ; Dron67 ; 125 
 89 ; 15 копеек ; 1911 ; СПБ ЭБ ; Ag ; VF-XF ; 72 ; Соколов ; 337 
 90 ; 15 копеек ; 1912 ; СПБ ЭБ ; Ag ; VF+ ; 26 ; Dron67 ; 145 
 91 ; 15 копеек ; 1914 ; СПБ ВС ; Ag ; AU ; 13 ; юдис ; 141 
 92 ; 15 копеек ; 1915 ; ВС ; Ag ; AU ; 17 ; юдис ; 147 
 93 ; 15 копеек ; 1916 ; ВС ; Ag ; XF ; 20 ; Lynx-a ; 144 
 94 ; Гривенник ; 1751 ;  ; Ag ; F+ ; 28 ; obr73 ; 423 
 95 ; Гривенник ; 1770 ; СПБ TI ; Ag ; VF- ; 56 ; sikachai ; 1877 
 96 ; Гривенник. Отверстие 10 часов ; 1774 ; СПБ TI ; Ag ; F+ ; 13 ; jj ; 506 
 97 ; Гривенник ; 1781 ; СПБ ; Ag ; F-VF ; 39 ; Ходор ; 1181 
 98 ; Гривенник ; 1784 ; СПБ ; Ag ; VF- ; 10 ; al69 ; 1654 
 99 ; 10 копеек ; 1816 ; СПБ ПС ; Ag ; F-VF ; 64 ; jj ; 214 
 100 ; 10 копеек ; 1826 ; СПБ НГ ; Ag ; VF- ; 43 ; taa ; 739 
 101 ; 10 копеек ; 1847 ; СПБ ПА ; Ag ; VF ; 48 ; val40 ; 350 
 102 ; 10 копеек. Особый тип герба ; 1860 ; СПБ ФБ ; Ag ; VF+ ; 95 ; badiba-coin ; 2243 
 103 ; 10 копеек ; 1863 ; СПБ АБ ; Ag ; VF+ ; 57 ; serg2010 ; 663 
 104 ; 10 копеек ; 1865 ; СПБ НФ ; Ag ; VF- ; 51 ; Ходор ; 368 
 105 ; 10 копеек ; 1874 ; СПБ HI ; Ag ; VF+ ; 93 ; serg2010 ; 405 
 106 ; 10 копеек ; 1901 ; СПБ АР ; Ag ; F+ ; 37 ; shneyder ; 384 
 7 ; 5 рублей. М-4,28гр ; 1898 ; (АГ) ; Au ; XF/AU ; 21 ; dyb ; 7772 
 8 ; 5 рублей. М-4,30гр ; 1898 ; (АГ) ; Au ; XF/AU ; 17 ; dyb ; 7772 
 9 ; 5 рублей. М-4,29г ; 1898 ; (АГ) ; Au ; AU ; 23 ; 28 ; 8691 
 10 ; 5 рублей. М-4,28г ; 1898 ; (АГ) ; Au ; AU ; 25 ; ВАЛЕР ; 7788 
 11 ; 5 рублей. М-4,28гр ; 1899 ; (ФЗ) ; Au ; XF+ ; 19 ; dyb ; 7772 
 12 ; 5 рублей. М-4,3г ; 1899 ; (ЭБ) ; Au ; AU ; 19 ; Lyubin.Evgeniy ; 7806 
 13 ; 5 рублей. М-4,30гр ; 1900 ; (ФЗ) ; Au ; XF/AU ; 17 ; serg2010 ; 6981 
 14 ; 5 рублей. М-4,3г ; 1900 ; (ФЗ) ; Au ; AU ; 24 ; ВАЛЕР ; 7963 
 15 ; 5 рублей. М-4,29г ; 1902 ; (АР) ; Au ; AU ; 30 ; ВАЛЕР ; 8103 
 16 ; 5 рублей. М-4,3г ; 1904 ; (АР) ; Au ; AU ; 35 ; ВАЛЕР ; 8634 
 17 ; 20 марок. М-6,44г ; 1912 ; S Финляндия ; Au ; AU ; 19 ; kirkar ; 19532 
 18 ; 20 марок. М-6,45г ; 1913 ; S Финляндия ; Au ; AU ; 20 ; RAF ; 16823 
 19 ; Рубль ; 1737 ;  ; Ag ; VF ; 48 ; funcash ; 11220 
 20 ; Рубль ; 1762 ; СПБ НК TI ; Ag ; VF ; 27 ; al69 ; 9067 
 21 ; Рубль. Убраны напайки 1,5,8,10 часов ; 1773 ; СПБ ЯЧ TI ; Ag ; F+ ; 18 ; Кеша ; 3400 
 22 ; Рубль ; 1814 ; СПБ ПС ; Ag ; VF- ; 15 ; sikachai ; 2546 
 23 ; Рубль. Убрана напайка 12 часов ; 1819 ; СПБ ПС ; Ag ; F-VF ; 114 ; Сакович ; 1369 
 24 ; Рубль ; 1830 ; СПБ НГ ; Ag ; VF+ ; 62 ; serg2010 ; 4444 
 25 ; Рубль ; 1843 ; СПБ АЧ ; Ag ; VF+ ; 78 ; geracon2009 ; 3153 
 26 ; Рубль ; 1877 ; СПБ HI ; Ag ; VF ; 39 ; alexnkru ; 2845 
 27 ; Рубль ; 1878 ; СПБ НФ ; Ag ; VF-XF ; 38 ; serg2010 ; 3735 
 28 ; Рубль ; 1892 ; (АГ) ; Ag ; F-VF ; 53 ; alexnkru ; 2370 
 29 ; Рубль ; 1893 ; (АГ) ; Ag ; VF ; 61 ; lelic ; 3400 
 30 ; Рубль ; 1896 ; (АГ) На коронацию Николая II ; Ag ; XF- ; 73 ; Aleksey1975 ; 19230 
 31 ; Рубль ; 1896 ; (АГ) ; Ag ; F-VF ; 8 ; elpohit ; 860 
 32 ; Рубль ; 1896 ; ( * ) ; Ag ; F+ ; 14 ; 555650 ; 767 
 33 ; Рубль ; 1897 ; ( ** ) ; Ag ; F-VF ; 5 ; obr73 ; 809 
 34 ; Рубль ; 1897 ; ( ** ) ; Ag ; VF- ; 31 ; al69 ; 1003 
 35 ; Рубль ; 1898 ; (АГ) На открытие памятника Александру II ; Ag ; VF- ; 52 ; _kit ; 56329 
 36 ; Рубль ; 1899 ; ( ** ) ; Ag ; F-VF ; 27 ; валери ; 878 
 37 ; Рубль ; 1901 ; (ФЗ) ; Ag ; F-VF ; 38 ; Сакович ; 1812 
 38 ; Рубль ; 1907 ; (ЭБ) ; Ag ; VF+ ; 34 ; lelic ; 3434 
 39 ; Рубль ; 1913 ; На 300-летие Дома Романовых ; Ag ; AU ; 25 ; Alexei ; 6123 
 40 ; Рубль ; 1913 ; На 300-летие Дома Романовых ; Ag ; XF ; 65 ; Mart_11 ; 5039 
 41 ; Полтина. Убрана напайка 12 часов ; 1820 ; СПБ ПД ; Ag ; F+ ; 28 ; asparagus ; 422 
 42 ; Полтина. Убрана напайка 12 часов ; 1857 ; СПБ ФБ ; Ag ; F-VF ; 69 ; Сакович ; 667 
 43 ; Полтина ; 1895 ; (АГ) АГ ; Ag ; F-VF ; 24 ; валери ; 631 
 44 ; Полтина ; 1896 ; (АГ) АГ ; Ag ; VG ; 4 ; 555650 ; 306 
 45 ; Полтина ; 1899 ; (АГ) АГ ; Ag ; F+ ; 115 ; Сакович ; 425 
 46 ; Полтина ; 1899 ; ( * ) ; Ag ; F+ ; 18 ; Сакович ; 536 
 47 ; Полтина ; 1913 ; (ВС) АГ ; Ag ; AU ; 53 ; ZET ; 5747 
 48 ; 25 копеек ; 1839 ; СПБ НГ ; Ag ; XF- ; 14 ; _kit ; 2504 
 49 ; 25 копеек. Заделано отверстие с гравировкой 12 часов ; 1852 ; СПБ ПА ; Ag ; F-VF ; 68 ; obr73 ; 1008 
 50 ; 25 копеек ; 1856 ; СПБ ФБ ; Ag ; VF+ ; 46 ; кве ; 2397 
 51 ; 25 копеек ; 1858 ; СПБ ФБ ; Ag ; VF-XF ; 46 ; кве ; 2166 
 52 ; 25 копеек. Заделано отверстие с гравировкой 12 часов ; 1859 ; СПБ ФБ ; Ag ; F-VF ; 37 ; obr73 ; 1037 
 53 ; 25 копеек ; 1877 ; СПБ НФ ; Ag ; VF-XF ; 49 ; кве ; 1950 
 54 ; 25 копеек ; 1896 ; АГ ; Ag ; VF+ ; 23 ; Habar ; 1561 
 55 ; 20 копеек ; 1817 ; СПБ ПС ; Ag ; F+ ; 41 ; Олег33 ; 1020 
 56 ; 20 копеек ; 1863 ; СПБ АБ ; Ag ; VF ; 65 ; vjacha ; 408 
